                     13 13 13  0.0000  0.9173  0.0000  0.9173  0.0000  0.9173=89
   13   13
   0.00000   0.00347   0.21632   0.38141   0.12770
   0.15291   0.00000   0.15291   0.12770   0.38141
   0.21632   0.00347   0.00000   0.00347   0.00123
   0.36081   0.35787   0.17889   0.11294   0.17436
   0.11294   0.17889   0.35787   0.36081   0.00123
   0.00347   0.21632   0.36081   0.38599   0.27502
   0.28276   0.18085   0.13668   0.18085   0.28276
   0.27502   0.38599   0.36081   0.21632   0.38141
   0.35787   0.27502   0.22495   0.26595   0.35019
   0.38653   0.35019   0.26595   0.22495   0.27502
   0.35787   0.38141   0.12770   0.17889   0.28276
   0.26595   0.40035   0.54277   0.55965   0.54277
   0.40035   0.26595   0.28276   0.17889   0.12770
   0.15291   0.11294   0.18085   0.35019   0.54277
   0.14096   0.00003   0.14096   0.54277   0.35019
   0.18085   0.11294   0.15291   0.00000   0.17436
   0.13668   0.38653   0.55965   0.00003   0.00000
   0.00003   0.55965   0.38653   0.13668   0.17436
   0.00000   0.15291   0.11294   0.18085   0.35019
   0.54277   0.14096   0.00003   0.14096   0.54277
   0.35019   0.18085   0.11294   0.15291   0.12770
   0.17889   0.28276   0.26595   0.40035   0.54277
   0.55965   0.54277   0.40035   0.26595   0.28276
   0.17889   0.12770   0.38141   0.35787   0.27502
   0.22495   0.26595   0.35019   0.38653   0.35019
   0.26595   0.22495   0.27502   0.35787   0.38141
   0.21632   0.36081   0.38599   0.27502   0.28276
   0.18085   0.13668   0.18085   0.28276   0.27502
   0.38599   0.36081   0.21632   0.00347   0.00123
   0.36081   0.35787   0.17889   0.11294   0.17436
   0.11294   0.17889   0.35787   0.36081   0.00123
   0.00347   0.00000   0.00347   0.21632   0.38141
   0.12770   0.15291   0.00000   0.15291   0.12770
   0.38141   0.21632   0.00347   0.00000   0.00347
   0.00123   0.36081   0.35787   0.17889   0.11294
   0.17436   0.11294   0.17889   0.35787   0.36081
   0.00123   0.00347   0.00123   0.03765   0.37368
   0.31362   0.27481   0.12147   0.10610   0.12147
   0.27481   0.31362   0.37368   0.03765   0.00123
   0.36081   0.37368   0.27540   0.20765   0.30946
   0.27169   0.17847   0.27169   0.30946   0.20765
   0.27540   0.37368   0.36081   0.35787   0.31362
   0.20765   0.17675   0.20454   0.30390   0.35175
   0.30390   0.20454   0.17675   0.20765   0.31362
   0.35787   0.17889   0.27481   0.30946   0.20454
   0.27354   0.46981   0.54397   0.46981   0.27354
   0.20454   0.30946   0.27481   0.17889   0.11294
   0.12147   0.27169   0.30390   0.46981   0.46052
   0.14177   0.46052   0.46981   0.30390   0.27169
   0.12147   0.11294   0.17436   0.10610   0.17847
   0.35175   0.54397   0.14177   0.00002   0.14177
   0.54397   0.35175   0.17847   0.10610   0.17436
   0.11294   0.12147   0.27169   0.30390   0.46981
   0.46052   0.14177   0.46052   0.46981   0.30390
   0.27169   0.12147   0.11294   0.17889   0.27481
   0.30946   0.20454   0.27354   0.46981   0.54397
   0.46981   0.27354   0.20454   0.30946   0.27481
   0.17889   0.35787   0.31362   0.20765   0.17675
   0.20454   0.30390   0.35175   0.30390   0.20454
   0.17675   0.20765   0.31362   0.35787   0.36081
   0.37368   0.27540   0.20765   0.30946   0.27169
   0.17847   0.27169   0.30946   0.20765   0.27540
   0.37368   0.36081   0.00123   0.03765   0.37368
   0.31362   0.27481   0.12147   0.10610   0.12147
   0.27481   0.31362   0.37368   0.03765   0.00123
   0.00347   0.00123   0.36081   0.35787   0.17889
   0.11294   0.17436   0.11294   0.17889   0.35787
   0.36081   0.00123   0.00347   0.21632   0.36081
   0.38599   0.27502   0.28276   0.18085   0.13668
   0.18085   0.28276   0.27502   0.38599   0.36081
   0.21632   0.36081   0.37368   0.27540   0.20765
   0.30946   0.27169   0.17847   0.27169   0.30946
   0.20765   0.27540   0.37368   0.36081   0.38599
   0.27540   0.13680   0.17202   0.19617   0.30850
   0.28125   0.30850   0.19617   0.17202   0.13680
   0.27540   0.38599   0.27502   0.20765   0.17202
   0.29468   0.17148   0.20454   0.26813   0.20454
   0.17148   0.29468   0.17202   0.20765   0.27502
   0.28276   0.30946   0.19617   0.17148   0.13787
   0.27414   0.40295   0.27414   0.13787   0.17148
   0.19617   0.30946   0.28276   0.18085   0.27169
   0.30850   0.20454   0.27414   0.47059   0.54499
   0.47059   0.27414   0.20454   0.30850   0.27169
   0.18085   0.13668   0.17847   0.28125   0.26813
   0.40295   0.54499   0.56181   0.54499   0.40295
   0.26813   0.28125   0.17847   0.13668   0.18085
   0.27169   0.30850   0.20454   0.27414   0.47059
   0.54499   0.47059   0.27414   0.20454   0.30850
   0.27169   0.18085   0.28276   0.30946   0.19617
   0.17148   0.13787   0.27414   0.40295   0.27414
   0.13787   0.17148   0.19617   0.30946   0.28276
   0.27502   0.20765   0.17202   0.29468   0.17148
   0.20454   0.26813   0.20454   0.17148   0.29468
   0.17202   0.20765   0.27502   0.38599   0.27540
   0.13680   0.17202   0.19617   0.30850   0.28125
   0.30850   0.19617   0.17202   0.13680   0.27540
   0.38599   0.36081   0.37368   0.27540   0.20765
   0.30946   0.27169   0.17847   0.27169   0.30946
   0.20765   0.27540   0.37368   0.36081   0.21632
   0.36081   0.38599   0.27502   0.28276   0.18085
   0.13668   0.18085   0.28276   0.27502   0.38599
   0.36081   0.21632   0.38141   0.35787   0.27502
   0.22495   0.26595   0.35019   0.38653   0.35019
   0.26595   0.22495   0.27502   0.35787   0.38141
   0.35787   0.31362   0.20765   0.17675   0.20454
   0.30390   0.35175   0.30390   0.20454   0.17675
   0.20765   0.31362   0.35787   0.27502   0.20765
   0.17202   0.29468   0.17148   0.20454   0.26813
   0.20454   0.17148   0.29468   0.17202   0.20765
   0.27502   0.22495   0.17675   0.29468   0.00000
   0.29480   0.17594   0.22291   0.17594   0.29480
   0.00000   0.29468   0.17675   0.22495   0.26595
   0.20454   0.17148   0.29480   0.17255   0.20511
   0.26583   0.20511   0.17255   0.29480   0.17148
   0.20454   0.26595   0.35019   0.30390   0.20454
   0.17594   0.20511   0.30244   0.34953   0.30244
   0.20511   0.17594   0.20454   0.30390   0.35019
   0.38653   0.35175   0.26813   0.22291   0.26583
   0.34953   0.38672   0.34953   0.26583   0.22291
   0.26813   0.35175   0.38653   0.35019   0.30390
   0.20454   0.17594   0.20511   0.30244   0.34953
   0.30244   0.20511   0.17594   0.20454   0.30390
   0.35019   0.26595   0.20454   0.17148   0.29480
   0.17255   0.20511   0.26583   0.20511   0.17255
   0.29480   0.17148   0.20454   0.26595   0.22495
   0.17675   0.29468   0.00000   0.29480   0.17594
   0.22291   0.17594   0.29480   0.00000   0.29468
   0.17675   0.22495   0.27502   0.20765   0.17202
   0.29468   0.17148   0.20454   0.26813   0.20454
   0.17148   0.29468   0.17202   0.20765   0.27502
   0.35787   0.31362   0.20765   0.17675   0.20454
   0.30390   0.35175   0.30390   0.20454   0.17675
   0.20765   0.31362   0.35787   0.38141   0.35787
   0.27502   0.22495   0.26595   0.35019   0.38653
   0.35019   0.26595   0.22495   0.27502   0.35787
   0.38141   0.12770   0.17889   0.28276   0.26595
   0.40035   0.54277   0.55965   0.54277   0.40035
   0.26595   0.28276   0.17889   0.12770   0.17889
   0.27481   0.30946   0.20454   0.27354   0.46981
   0.54397   0.46981   0.27354   0.20454   0.30946
   0.27481   0.17889   0.28276   0.30946   0.19617
   0.17148   0.13787   0.27414   0.40295   0.27414
   0.13787   0.17148   0.19617   0.30946   0.28276
   0.26595   0.20454   0.17148   0.29480   0.17255
   0.20511   0.26583   0.20511   0.17255   0.29480
   0.17148   0.20454   0.26595   0.40035   0.27354
   0.13787   0.17255   0.19845   0.30870   0.27439
   0.30870   0.19845   0.17255   0.13787   0.27354
   0.40035   0.54277   0.46981   0.27414   0.20511
   0.30870   0.26679   0.17606   0.26679   0.30870
   0.20511   0.27414   0.46981   0.54277   0.55965
   0.54397   0.40295   0.26583   0.27439   0.17606
   0.13904   0.17606   0.27439   0.26583   0.40295
   0.54397   0.55965   0.54277   0.46981   0.27414
   0.20511   0.30870   0.26679   0.17606   0.26679
   0.30870   0.20511   0.27414   0.46981   0.54277
   0.40035   0.27354   0.13787   0.17255   0.19845
   0.30870   0.27439   0.30870   0.19845   0.17255
   0.13787   0.27354   0.40035   0.26595   0.20454
   0.17148   0.29480   0.17255   0.20511   0.26583
   0.20511   0.17255   0.29480   0.17148   0.20454
   0.26595   0.28276   0.30946   0.19617   0.17148
   0.13787   0.27414   0.40295   0.27414   0.13787
   0.17148   0.19617   0.30946   0.28276   0.17889
   0.27481   0.30946   0.20454   0.27354   0.46981
   0.54397   0.46981   0.27354   0.20454   0.30946
   0.27481   0.17889   0.12770   0.17889   0.28276
   0.26595   0.40035   0.54277   0.55965   0.54277
   0.40035   0.26595   0.28276   0.17889   0.12770
   0.15291   0.11294   0.18085   0.35019   0.54277
   0.14096   0.00003   0.14096   0.54277   0.35019
   0.18085   0.11294   0.15291   0.11294   0.12147
   0.27169   0.30390   0.46981   0.46052   0.14177
   0.46052   0.46981   0.30390   0.27169   0.12147
   0.11294   0.18085   0.27169   0.30850   0.20454
   0.27414   0.47059   0.54499   0.47059   0.27414
   0.20454   0.30850   0.27169   0.18085   0.35019
   0.30390   0.20454   0.17594   0.20511   0.30244
   0.34953   0.30244   0.20511   0.17594   0.20454
   0.30390   0.35019   0.54277   0.46981   0.27414
   0.20511   0.30870   0.26679   0.17606   0.26679
   0.30870   0.20511   0.27414   0.46981   0.54277
   0.14096   0.46052   0.47059   0.30244   0.26679
   0.11470   0.10748   0.11470   0.26679   0.30244
   0.47059   0.46052   0.14096   0.00003   0.14177
   0.54499   0.34953   0.17606   0.10748   0.18554
   0.10748   0.17606   0.34953   0.54499   0.14177
   0.00003   0.14096   0.46052   0.47059   0.30244
   0.26679   0.11470   0.10748   0.11470   0.26679
   0.30244   0.47059   0.46052   0.14096   0.54277
   0.46981   0.27414   0.20511   0.30870   0.26679
   0.17606   0.26679   0.30870   0.20511   0.27414
   0.46981   0.54277   0.35019   0.30390   0.20454
   0.17594   0.20511   0.30244   0.34953   0.30244
   0.20511   0.17594   0.20454   0.30390   0.35019
   0.18085   0.27169   0.30850   0.20454   0.27414
   0.47059   0.54499   0.47059   0.27414   0.20454
   0.30850   0.27169   0.18085   0.11294   0.12147
   0.27169   0.30390   0.46981   0.46052   0.14177
   0.46052   0.46981   0.30390   0.27169   0.12147
   0.11294   0.15291   0.11294   0.18085   0.35019
   0.54277   0.14096   0.00003   0.14096   0.54277
   0.35019   0.18085   0.11294   0.15291   0.00000
   0.17436   0.13668   0.38653   0.55965   0.00003
   0.00000   0.00003   0.55965   0.38653   0.13668
   0.17436   0.00000   0.17436   0.10610   0.17847
   0.35175   0.54397   0.14177   0.00002   0.14177
   0.54397   0.35175   0.17847   0.10610   0.17436
   0.13668   0.17847   0.28125   0.26813   0.40295
   0.54499   0.56181   0.54499   0.40295   0.26813
   0.28125   0.17847   0.13668   0.38653   0.35175
   0.26813   0.22291   0.26583   0.34953   0.38672
   0.34953   0.26583   0.22291   0.26813   0.35175
   0.38653   0.55965   0.54397   0.40295   0.26583
   0.27439   0.17606   0.13904   0.17606   0.27439
   0.26583   0.40295   0.54397   0.55965   0.00003
   0.14177   0.54499   0.34953   0.17606   0.10748
   0.18554   0.10748   0.17606   0.34953   0.54499
   0.14177   0.00003   0.00000   0.00002   0.56181
   0.38672   0.13904   0.18554   0.00000   0.18554
   0.13904   0.38672   0.56181   0.00002   0.00000
   0.00003   0.14177   0.54499   0.34953   0.17606
   0.10748   0.18554   0.10748   0.17606   0.34953
   0.54499   0.14177   0.00003   0.55965   0.54397
   0.40295   0.26583   0.27439   0.17606   0.13904
   0.17606   0.27439   0.26583   0.40295   0.54397
   0.55965   0.38653   0.35175   0.26813   0.22291
   0.26583   0.34953   0.38672   0.34953   0.26583
   0.22291   0.26813   0.35175   0.38653   0.13668
   0.17847   0.28125   0.26813   0.40295   0.54499
   0.56181   0.54499   0.40295   0.26813   0.28125
   0.17847   0.13668   0.17436   0.10610   0.17847
   0.35175   0.54397   0.14177   0.00002   0.14177
   0.54397   0.35175   0.17847   0.10610   0.17436
   0.00000   0.17436   0.13668   0.38653   0.55965
   0.00003   0.00000   0.00003   0.55965   0.38653
   0.13668   0.17436   0.00000   0.15291   0.11294
   0.18085   0.35019   0.54277   0.14096   0.00003
   0.14096   0.54277   0.35019   0.18085   0.11294
   0.15291   0.11294   0.12147   0.27169   0.30390
   0.46981   0.46052   0.14177   0.46052   0.46981
   0.30390   0.27169   0.12147   0.11294   0.18085
   0.27169   0.30850   0.20454   0.27414   0.47059
   0.54499   0.47059   0.27414   0.20454   0.30850
   0.27169   0.18085   0.35019   0.30390   0.20454
   0.17594   0.20511   0.30244   0.34953   0.30244
   0.20511   0.17594   0.20454   0.30390   0.35019
   0.54277   0.46981   0.27414   0.20511   0.30870
   0.26679   0.17606   0.26679   0.30870   0.20511
   0.27414   0.46981   0.54277   0.14096   0.46052
   0.47059   0.30244   0.26679   0.11470   0.10748
   0.11470   0.26679   0.30244   0.47059   0.46052
   0.14096   0.00003   0.14177   0.54499   0.34953
   0.17606   0.10748   0.18554   0.10748   0.17606
   0.34953   0.54499   0.14177   0.00003   0.14096
   0.46052   0.47059   0.30244   0.26679   0.11470
   0.10748   0.11470   0.26679   0.30244   0.47059
   0.46052   0.14096   0.54277   0.46981   0.27414
   0.20511   0.30870   0.26679   0.17606   0.26679
   0.30870   0.20511   0.27414   0.46981   0.54277
   0.35019   0.30390   0.20454   0.17594   0.20511
   0.30244   0.34953   0.30244   0.20511   0.17594
   0.20454   0.30390   0.35019   0.18085   0.27169
   0.30850   0.20454   0.27414   0.47059   0.54499
   0.47059   0.27414   0.20454   0.30850   0.27169
   0.18085   0.11294   0.12147   0.27169   0.30390
   0.46981   0.46052   0.14177   0.46052   0.46981
   0.30390   0.27169   0.12147   0.11294   0.15291
   0.11294   0.18085   0.35019   0.54277   0.14096
   0.00003   0.14096   0.54277   0.35019   0.18085
   0.11294   0.15291   0.12770   0.17889   0.28276
   0.26595   0.40035   0.54277   0.55965   0.54277
   0.40035   0.26595   0.28276   0.17889   0.12770
   0.17889   0.27481   0.30946   0.20454   0.27354
   0.46981   0.54397   0.46981   0.27354   0.20454
   0.30946   0.27481   0.17889   0.28276   0.30946
   0.19617   0.17148   0.13787   0.27414   0.40295
   0.27414   0.13787   0.17148   0.19617   0.30946
   0.28276   0.26595   0.20454   0.17148   0.29480
   0.17255   0.20511   0.26583   0.20511   0.17255
   0.29480   0.17148   0.20454   0.26595   0.40035
   0.27354   0.13787   0.17255   0.19845   0.30870
   0.27439   0.30870   0.19845   0.17255   0.13787
   0.27354   0.40035   0.54277   0.46981   0.27414
   0.20511   0.30870   0.26679   0.17606   0.26679
   0.30870   0.20511   0.27414   0.46981   0.54277
   0.55965   0.54397   0.40295   0.26583   0.27439
   0.17606   0.13904   0.17606   0.27439   0.26583
   0.40295   0.54397   0.55965   0.54277   0.46981
   0.27414   0.20511   0.30870   0.26679   0.17606
   0.26679   0.30870   0.20511   0.27414   0.46981
   0.54277   0.40035   0.27354   0.13787   0.17255
   0.19845   0.30870   0.27439   0.30870   0.19845
   0.17255   0.13787   0.27354   0.40035   0.26595
   0.20454   0.17148   0.29480   0.17255   0.20511
   0.26583   0.20511   0.17255   0.29480   0.17148
   0.20454   0.26595   0.28276   0.30946   0.19617
   0.17148   0.13787   0.27414   0.40295   0.27414
   0.13787   0.17148   0.19617   0.30946   0.28276
   0.17889   0.27481   0.30946   0.20454   0.27354
   0.46981   0.54397   0.46981   0.27354   0.20454
   0.30946   0.27481   0.17889   0.12770   0.17889
   0.28276   0.26595   0.40035   0.54277   0.55965
   0.54277   0.40035   0.26595   0.28276   0.17889
   0.12770   0.38141   0.35787   0.27502   0.22495
   0.26595   0.35019   0.38653   0.35019   0.26595
   0.22495   0.27502   0.35787   0.38141   0.35787
   0.31362   0.20765   0.17675   0.20454   0.30390
   0.35175   0.30390   0.20454   0.17675   0.20765
   0.31362   0.35787   0.27502   0.20765   0.17202
   0.29468   0.17148   0.20454   0.26813   0.20454
   0.17148   0.29468   0.17202   0.20765   0.27502
   0.22495   0.17675   0.29468   0.00000   0.29480
   0.17594   0.22291   0.17594   0.29480   0.00000
   0.29468   0.17675   0.22495   0.26595   0.20454
   0.17148   0.29480   0.17255   0.20511   0.26583
   0.20511   0.17255   0.29480   0.17148   0.20454
   0.26595   0.35019   0.30390   0.20454   0.17594
   0.20511   0.30244   0.34953   0.30244   0.20511
   0.17594   0.20454   0.30390   0.35019   0.38653
   0.35175   0.26813   0.22291   0.26583   0.34953
   0.38672   0.34953   0.26583   0.22291   0.26813
   0.35175   0.38653   0.35019   0.30390   0.20454
   0.17594   0.20511   0.30244   0.34953   0.30244
   0.20511   0.17594   0.20454   0.30390   0.35019
   0.26595   0.20454   0.17148   0.29480   0.17255
   0.20511   0.26583   0.20511   0.17255   0.29480
   0.17148   0.20454   0.26595   0.22495   0.17675
   0.29468   0.00000   0.29480   0.17594   0.22291
   0.17594   0.29480   0.00000   0.29468   0.17675
   0.22495   0.27502   0.20765   0.17202   0.29468
   0.17148   0.20454   0.26813   0.20454   0.17148
   0.29468   0.17202   0.20765   0.27502   0.35787
   0.31362   0.20765   0.17675   0.20454   0.30390
   0.35175   0.30390   0.20454   0.17675   0.20765
   0.31362   0.35787   0.38141   0.35787   0.27502
   0.22495   0.26595   0.35019   0.38653   0.35019
   0.26595   0.22495   0.27502   0.35787   0.38141
   0.21632   0.36081   0.38599   0.27502   0.28276
   0.18085   0.13668   0.18085   0.28276   0.27502
   0.38599   0.36081   0.21632   0.36081   0.37368
   0.27540   0.20765   0.30946   0.27169   0.17847
   0.27169   0.30946   0.20765   0.27540   0.37368
   0.36081   0.38599   0.27540   0.13680   0.17202
   0.19617   0.30850   0.28125   0.30850   0.19617
   0.17202   0.13680   0.27540   0.38599   0.27502
   0.20765   0.17202   0.29468   0.17148   0.20454
   0.26813   0.20454   0.17148   0.29468   0.17202
   0.20765   0.27502   0.28276   0.30946   0.19617
   0.17148   0.13787   0.27414   0.40295   0.27414
   0.13787   0.17148   0.19617   0.30946   0.28276
   0.18085   0.27169   0.30850   0.20454   0.27414
   0.47059   0.54499   0.47059   0.27414   0.20454
   0.30850   0.27169   0.18085   0.13668   0.17847
   0.28125   0.26813   0.40295   0.54499   0.56181
   0.54499   0.40295   0.26813   0.28125   0.17847
   0.13668   0.18085   0.27169   0.30850   0.20454
   0.27414   0.47059   0.54499   0.47059   0.27414
   0.20454   0.30850   0.27169   0.18085   0.28276
   0.30946   0.19617   0.17148   0.13787   0.27414
   0.40295   0.27414   0.13787   0.17148   0.19617
   0.30946   0.28276   0.27502   0.20765   0.17202
   0.29468   0.17148   0.20454   0.26813   0.20454
   0.17148   0.29468   0.17202   0.20765   0.27502
   0.38599   0.27540   0.13680   0.17202   0.19617
   0.30850   0.28125   0.30850   0.19617   0.17202
   0.13680   0.27540   0.38599   0.36081   0.37368
   0.27540   0.20765   0.30946   0.27169   0.17847
   0.27169   0.30946   0.20765   0.27540   0.37368
   0.36081   0.21632   0.36081   0.38599   0.27502
   0.28276   0.18085   0.13668   0.18085   0.28276
   0.27502   0.38599   0.36081   0.21632   0.00347
   0.00123   0.36081   0.35787   0.17889   0.11294
   0.17436   0.11294   0.17889   0.35787   0.36081
   0.00123   0.00347   0.00123   0.03765   0.37368
   0.31362   0.27481   0.12147   0.10610   0.12147
   0.27481   0.31362   0.37368   0.03765   0.00123
   0.36081   0.37368   0.27540   0.20765   0.30946
   0.27169   0.17847   0.27169   0.30946   0.20765
   0.27540   0.37368   0.36081   0.35787   0.31362
   0.20765   0.17675   0.20454   0.30390   0.35175
   0.30390   0.20454   0.17675   0.20765   0.31362
   0.35787   0.17889   0.27481   0.30946   0.20454
   0.27354   0.46981   0.54397   0.46981   0.27354
   0.20454   0.30946   0.27481   0.17889   0.11294
   0.12147   0.27169   0.30390   0.46981   0.46052
   0.14177   0.46052   0.46981   0.30390   0.27169
   0.12147   0.11294   0.17436   0.10610   0.17847
   0.35175   0.54397   0.14177   0.00002   0.14177
   0.54397   0.35175   0.17847   0.10610   0.17436
   0.11294   0.12147   0.27169   0.30390   0.46981
   0.46052   0.14177   0.46052   0.46981   0.30390
   0.27169   0.12147   0.11294   0.17889   0.27481
   0.30946   0.20454   0.27354   0.46981   0.54397
   0.46981   0.27354   0.20454   0.30946   0.27481
   0.17889   0.35787   0.31362   0.20765   0.17675
   0.20454   0.30390   0.35175   0.30390   0.20454
   0.17675   0.20765   0.31362   0.35787   0.36081
   0.37368   0.27540   0.20765   0.30946   0.27169
   0.17847   0.27169   0.30946   0.20765   0.27540
   0.37368   0.36081   0.00123   0.03765   0.37368
   0.31362   0.27481   0.12147   0.10610   0.12147
   0.27481   0.31362   0.37368   0.03765   0.00123
   0.00347   0.00123   0.36081   0.35787   0.17889
   0.11294   0.17436   0.11294   0.17889   0.35787
   0.36081   0.00123   0.00347   0.00000   0.00347
   0.21632   0.38141   0.12770   0.15291   0.00000
   0.15291   0.12770   0.38141   0.21632   0.00347
   0.00000   0.00347   0.00123   0.36081   0.35787
   0.17889   0.11294   0.17436   0.11294   0.17889
   0.35787   0.36081   0.00123   0.00347   0.21632
   0.36081   0.38599   0.27502   0.28276   0.18085
   0.13668   0.18085   0.28276   0.27502   0.38599
   0.36081   0.21632   0.38141   0.35787   0.27502
   0.22495   0.26595   0.35019   0.38653   0.35019
   0.26595   0.22495   0.27502   0.35787   0.38141
   0.12770   0.17889   0.28276   0.26595   0.40035
   0.54277   0.55965   0.54277   0.40035   0.26595
   0.28276   0.17889   0.12770   0.15291   0.11294
   0.18085   0.35019   0.54277   0.14096   0.00003
   0.14096   0.54277   0.35019   0.18085   0.11294
   0.15291   0.00000   0.17436   0.13668   0.38653
   0.55965   0.00003   0.00000   0.00003   0.55965
   0.38653   0.13668   0.17436   0.00000   0.15291
   0.11294   0.18085   0.35019   0.54277   0.14096
   0.00003   0.14096   0.54277   0.35019   0.18085
   0.11294   0.15291   0.12770   0.17889   0.28276
   0.26595   0.40035   0.54277   0.55965   0.54277
   0.40035   0.26595   0.28276   0.17889   0.12770
   0.38141   0.35787   0.27502   0.22495   0.26595
   0.35019   0.38653   0.35019   0.26595   0.22495
   0.27502   0.35787   0.38141   0.21632   0.36081
   0.38599   0.27502   0.28276   0.18085   0.13668
   0.18085   0.28276   0.27502   0.38599   0.36081
   0.21632   0.00347   0.00123   0.36081   0.35787
   0.17889   0.11294   0.17436   0.11294   0.17889
   0.35787   0.36081   0.00123   0.00347   0.00000
   0.00347   0.21632   0.38141   0.12770   0.15291
   0.00000   0.15291   0.12770   0.38141   0.21632
   0.00347   0.00000
