GENERAL: LMX=2  NSPIN=1   WSR= 2.831544  REL=T  NR=345  A=.030
   Z=31  QC=28  QTOT= 0.059954

 ETOT  =  -3883.6820731  EKIN =    3957.2866293  UTOT =  -7840.9676123
 EMAD  =     -0.0010901  SUMEC=   -2239.7955853  SUMEV=     -1.3392271
 RHOV  =  -6198.4214418  UNUCL=   -9384.9681892  UELEC=   1690.9635616
 RHOEPS=   -146.9629847  REPSNL=      0.0000000  RHOMU=   -194.2509045
 RMUNL =      0.0000000

MOMNTS:  Ga    VRMAX= -0.755023
 L      PL         Q0         Q1         Q2   IDMOD     DL
 0  4.8035090  1.1348059 -0.0253070  0.0191178  0  -1.4087821
 1  4.5920019  1.5619151 -0.0115703  0.0231325  0  -0.2973593
 2  4.1879127  0.3632333  0.0000000  0.0035165  0   1.4924128
COR:
  345    1     0.03000    6
 0.000000000D+00 3.395739466D-06 1.349501567D-05 3.062499940D-05 5.525590686D-05
 8.791471818D-05 1.292029692D-04 1.797660148D-04 2.403020514D-04 3.115612518D-04
 3.943476853D-04 4.895217198D-04 5.980028213D-04 7.207727036D-04 8.588787886D-04
 1.013437957D-03 1.185640580D-03 1.376754837D-03 1.588131317D-03 1.821207921D-03
 2.077515066D-03 2.358681213D-03 2.666438733D-03 3.002630121D-03 3.369214579D-03
 3.768274998D-03 4.202025337D-03 4.672818445D-03 5.183154332D-03 5.735688925D-03
 6.333243329D-03 6.978813616D-03 7.675581189D-03 8.426923727D-03 9.236426761D-03
 1.010789591D-02 1.104536982D-02 1.205313381D-02 1.313573429D-02 1.429799406D-02
 1.554502836D-02 1.688226188D-02 1.831544671D-02 1.985068130D-02 2.149443043D-02
 2.325354628D-02 2.513529077D-02 2.714735894D-02 2.929790373D-02 3.159556213D-02
 3.404948258D-02 3.666935408D-02 3.946543664D-02 4.244859350D-02 4.563032500D-02
 4.902280424D-02 5.263891467D-02 5.649228954D-02 6.059735352D-02 6.496936637D-02
 6.962446895D-02 7.457973148D-02 7.985320429D-02 8.546397119D-02 9.143220538D-02
 9.777922823D-02 1.045275709D-01 1.117010391D-01 1.193247806D-01 1.274253567D-01
 1.360308160D-01 1.451707729D-01 1.548764889D-01 1.651809577D-01 1.761189942D-01
 1.877273283D-01 2.000447014D-01 2.131119682D-01 2.269722023D-01 2.416708068D-01
 2.572556290D-01 2.737770799D-01 2.912882585D-01 3.098450810D-01 3.295064148D-01
 3.503342177D-01 3.723936819D-01 3.957533833D-01 4.204854354D-01 4.466656490D-01
 4.743736963D-01 5.036932803D-01 5.347123088D-01 5.675230734D-01 6.022224330D-01
 6.389120013D-01 6.776983390D-01 7.186931496D-01 7.620134780D-01 8.077819132D-01
 8.561267923D-01 9.071824075D-01 9.610892134D-01 1.017994036D+00 1.078050278D+00
 1.141418131D+00 1.208264773D+00 1.278764575D+00 1.353099291D+00 1.431458253D+00
 1.514038551D+00 1.601045203D+00 1.692691317D+00 1.789198237D+00 1.890795675D+00
 1.997721821D+00 2.110223433D+00 2.228555906D+00 2.352983308D+00 2.483778391D+00
 2.621222561D+00 2.765605812D+00 2.917226621D+00 3.076391789D+00 3.243416236D+00
 3.418622732D+00 3.602341571D+00 3.794910172D+00 3.996672613D+00 4.207979071D+00
 4.429185191D+00 4.660651347D+00 4.902741812D+00 5.155823813D+00 5.420266471D+00
 5.696439625D+00 5.984712516D+00 6.285452337D+00 6.599022638D+00 6.925781573D+00
 7.266079992D+00 7.620259361D+00 7.988649509D+00 8.371566193D+00 8.769308482D+00
 9.182155945D+00 9.610365648D+00 1.005416896D+01 1.051376814D+01 1.098933278D+01
 1.148099597D+01 1.198885038D+01 1.251294405D+01 1.305327609D+01 1.360979222D+01
 1.418238009D+01 1.477086456D+01 1.537500283D+01 1.599447957D+01 1.662890190D+01
 1.727779446D+01 1.794059452D+01 1.861664712D+01 1.930520040D+01 2.000540116D+01
 2.071629065D+01 2.143680072D+01 2.216575038D+01 2.290184295D+01 2.364366368D+01
 2.438967821D+01 2.513823173D+01 2.588754911D+01 2.663573603D+01 2.738078126D+01
 2.812056018D+01 2.885283967D+01 2.957528453D+01 3.028546542D+01 3.098086858D+01
 3.165890734D+01 3.231693545D+01 3.295226254D+01 3.356217140D+01 3.414393754D+01
 3.469485066D+01 3.521223832D+01 3.569349154D+01 3.613609239D+01 3.653764345D+01
 3.689589885D+01 3.720879684D+01 3.747449351D+01 3.769139745D+01 3.785820492D+01
 3.797393506D+01 3.803796479D+01 3.805006277D+01 3.801042189D+01 3.791968954D+01
 3.777899513D+01 3.758997401D+01 3.735478705D+01 3.707613524D+01 3.675726828D+01
 3.640198663D+01 3.601463608D+01 3.560009431D+01 3.516374855D+01 3.471146406D+01
 3.424954271D+01 3.378467150D+01 3.332386084D+01 3.287437240D+01 3.244363701D+01
 3.203916282D+01 3.166843441D+01 3.133880378D+01 3.105737439D+01 3.083087964D+01
 3.066555735D+01 3.056702247D+01 3.054013987D+01 3.058889975D+01 3.071629830D+01
 3.092422610D+01 3.121336739D+01 3.158311280D+01 3.203148858D+01 3.255510498D+01
 3.314912654D+01 3.380726653D+01 3.452180782D+01 3.528365166D+01 3.608239582D+01
 3.690644270D+01 3.774313742D+01 3.857893552D+01 3.939959875D+01 4.019041713D+01
 4.093645430D+01 4.162281267D+01 4.223491410D+01 4.275879094D+01 4.318138191D+01
 4.349082641D+01 4.367675087D+01 4.373053973D+01 4.364558418D+01 4.341750133D+01
 4.304431681D+01 4.252660426D+01 4.186757550D+01 4.107311618D+01 4.015176324D+01
 3.911462001D+01 3.797520854D+01 3.674925868D+01 3.545443580D+01 3.411001080D+01
 3.273647792D+01 3.135512782D+01 2.998758517D+01 2.865532164D+01 2.737915672D+01
 2.617875965D+01 2.507216680D+01 2.407532884D+01 2.320170174D+01 2.246189530D+01
 2.186339083D+01 2.141033854D+01 2.110344232D+01 2.093993725D+01 2.091366220D+01
 2.101522653D+01 2.123226716D+01 2.154978870D+01 2.195057664D+01 2.241567093D+01
 2.292488474D+01 2.345735186D+01 2.399208466D+01 2.450852438D+01 2.498706589D+01
 2.540954010D+01 2.575963905D+01 2.602327135D+01 2.618883859D+01 2.624742649D+01
 2.619290885D+01 2.602196386D+01 2.573400998D+01 2.533106394D+01 2.481753481D+01
 2.419996330D+01 2.348671932D+01 2.268767091D+01 2.181383770D+01 2.087704113D+01
 1.988956307D+01 1.886382260D+01 1.781207941D+01 1.674617006D+01 1.567728203D+01
 1.461576805D+01 1.357100214D+01 1.255127667D+01 1.156373897D+01 1.061436458D+01
 9.707963428D+00 8.848214919D+00 8.037727028D+00 7.278114794D+00 6.570093321D+00
 5.913580673D+00 5.307806356D+00 4.751421433D+00 4.242606874D+00 3.779177228D+00
 3.358677295D+00 2.978470058D+00 2.635814657D+00 2.327933730D+00 2.052069913D+00
 1.805531682D+00 1.585729074D+00 1.390200072D+00 1.216628655D+00 1.062855609D+00
 9.268832718D-01 8.068753645D-01 7.011530290D-01 6.081880865D-01 5.265944197D-01
 4.551182426D-01 3.926278809D-01 3.381035432D-01 2.906274323D-01 2.493744280D-01
 2.136034740D-01 1.826497442D-01 1.559175088D-01 1.328737610D-01 1.130425626D-01
SUMEC
 0.000000000D+00
EC
-7.499227291D+02-9.223160490D+01-1.049932959D+01-8.032670331D+01-6.915324143D+00
EC
-1.103608511D+00
PHI:
  345    1    2     0.03000     0.00009
        G1              G2              GP1              GP2
     SPIN 1  L=0
   14.612426      -1.6745008       6.5466235     -0.75020576    
   14.346584      -1.6440368       6.4275215     -0.73655735    
   14.190988      -1.6262064       6.3578121     -0.72856905    
   14.079800      -1.6135061       6.3079979     -0.72287912    
   13.991564      -1.6034899       6.2684662     -0.71839180    
   13.918620      -1.5951877       6.2357861     -0.71467235    
   13.856070      -1.5880743       6.2077627     -0.71148550    
   13.801098      -1.5818258       6.1831343     -0.70868612    
   13.751883      -1.5762356       6.1610849     -0.70618169    
   13.707181      -1.5711623       6.1410577     -0.70390884    
   13.666109      -1.5665052       6.1226566     -0.70182244    
   13.628015      -1.5621900       6.1055896     -0.69988920    
   13.592404      -1.5581602       6.0896352     -0.69808384    
   13.558892      -1.5543720       6.0746215     -0.69638674    
   13.527176      -1.5507907       6.0604121     -0.69478234    
   13.497011      -1.5473884       6.0468974     -0.69325811    
   13.468195      -1.5441422       6.0339875     -0.69180382    
   13.440564      -1.5410331       6.0216081     -0.69041096    
   13.413977      -1.5380452       6.0096968     -0.68907242    
   13.388317      -1.5351652       5.9982007     -0.68778218    
   13.363484      -1.5323814       5.9870747     -0.68653509    
   13.339389      -1.5296841       5.9762799     -0.68532673    
   13.315958      -1.5270646       5.9657824     -0.68415323    
   13.293125      -1.5245154       5.9555527     -0.68301124    
   13.270831      -1.5220300       5.9455646     -0.68189779    
   13.249025      -1.5196024       5.9357951     -0.68081027    
   13.227661      -1.5172274       5.9262235     -0.67974635    
   13.206698      -1.5149005       5.9168315     -0.67870394    
   13.186098      -1.5126174       5.9076024     -0.67768116    
   13.165829      -1.5103743       5.8985213     -0.67667632    
   13.145859      -1.5081678       5.8895743     -0.67568790    
   13.126160      -1.5059949       5.8807491     -0.67471448    
   13.106708      -1.5038525       5.8720342     -0.67375479    
   13.087479      -1.5017382       5.8634190     -0.67280765    
   13.068451      -1.4996495       5.8548939     -0.67187199    
   13.049603      -1.4975841       5.8464498     -0.67094679    
   13.030918      -1.4955401       5.8380783     -0.67003114    
   13.012377      -1.4935154       5.8297715     -0.66912417    
   12.993964      -1.4915083       5.8215221     -0.66822507    
   12.975663      -1.4895170       5.8133231     -0.66733308    
   12.957461      -1.4875400       5.8051680     -0.66644750    
   12.939342      -1.4855758       5.7970505     -0.66556764    
   12.921295      -1.4836229       5.7889648     -0.66469287    
   12.903306      -1.4816801       5.7809052     -0.66382260    
   12.885363      -1.4797460       5.7728663     -0.66295624    
   12.867454      -1.4778194       5.7648430     -0.66209326    
   12.849570      -1.4758992       5.7568303     -0.66123312    
   12.831698      -1.4739841       5.7488234     -0.66037532    
   12.813829      -1.4720732       5.7408175     -0.65951938    
   12.795952      -1.4701654       5.7328084     -0.65866483    
   12.778058      -1.4682597       5.7247914     -0.65781122    
   12.760137      -1.4663551       5.7167624     -0.65695811    
   12.742180      -1.4644506       5.7087171     -0.65610507    
   12.724177      -1.4625454       5.7006514     -0.65525169    
   12.706120      -1.4606385       5.6925613     -0.65439756    
   12.688000      -1.4587290       5.6844428     -0.65354228    
   12.669807      -1.4568160       5.6762919     -0.65268546    
   12.651533      -1.4548987       5.6681048     -0.65182671    
   12.633170      -1.4529763       5.6598775     -0.65096566    
   12.614708      -1.4510479       5.6516062     -0.65010193    
   12.596140      -1.4491126       5.6432871     -0.64923514    
   12.577456      -1.4471697       5.6349163     -0.64836493    
   12.558649      -1.4452183       5.6264901     -0.64749093    
   12.539709      -1.4432576       5.6180046     -0.64661277    
   12.520629      -1.4412868       5.6094560     -0.64573009    
   12.501398      -1.4393051       5.6008403     -0.64484253    
   12.482010      -1.4373117       5.5921538     -0.64394972    
   12.462455      -1.4353057       5.5833926     -0.64305129    
   12.442725      -1.4332863       5.5745527     -0.64214688    
   12.422809      -1.4312527       5.5656301     -0.64123611    
   12.402701      -1.4292041       5.5566209     -0.64031863    
   12.382390      -1.4271396       5.5475210     -0.63939404    
   12.361868      -1.4250585       5.5383263     -0.63846198    
   12.341124      -1.4229597       5.5290327     -0.63752207    
   12.320151      -1.4208426       5.5196359     -0.63657391    
   12.298938      -1.4187062       5.5101317     -0.63561712    
   12.277475      -1.4165496       5.5005158     -0.63465130    
   12.255753      -1.4143719       5.4907837     -0.63367606    
   12.233762      -1.4121723       5.4809310     -0.63269099    
   12.211492      -1.4099498       5.4709531     -0.63169568    
   12.188932      -1.4077034       5.4608455     -0.63068971    
   12.166072      -1.4054323       5.4506033     -0.62967265    
   12.142901      -1.4031355       5.4402217     -0.62864407    
   12.119407      -1.4008119       5.4296960     -0.62760353    
   12.095581      -1.3984607       5.4190211     -0.62655060    
   12.071411      -1.3960807       5.4081919     -0.62548480    
   12.046885      -1.3936709       5.3972032     -0.62440568    
   12.021991      -1.3912303       5.3860498     -0.62331276    
   11.996717      -1.3887578       5.3747263     -0.62220557    
   11.971052      -1.3862524       5.3632271     -0.62108361    
   11.944982      -1.3837128       5.3515466     -0.61994638    
   11.918494      -1.3811379       5.3396792     -0.61879337    
   11.891576      -1.3785267       5.3276189     -0.61762406    
   11.864214      -1.3758778       5.3153597     -0.61643791    
   11.836395      -1.3731901       5.3028956     -0.61523439    
   11.808105      -1.3704623       5.2902203     -0.61401293    
   11.779329      -1.3676932       5.2773275     -0.61277298    
   11.750053      -1.3648815       5.2642106     -0.61151395    
   11.720262      -1.3620259       5.2508630     -0.61023525    
   11.689941      -1.3591249       5.2372779     -0.60893628    
   11.659075      -1.3561774       5.2234484     -0.60761643    
   11.627648      -1.3531817       5.2093675     -0.60627506    
   11.595643      -1.3501366       5.1950278     -0.60491154    
   11.563044      -1.3470405       5.1804221     -0.60352520    
   11.529835      -1.3438919       5.1655427     -0.60211538    
   11.495998      -1.3406894       5.1503821     -0.60068139    
   11.461515      -1.3374313       5.1349323     -0.59922254    
   11.426370      -1.3341160       5.1191854     -0.59773810    
   11.390543      -1.3307420       5.1031332     -0.59622737    
   11.354017      -1.3273076       5.0867674     -0.59468958    
   11.316771      -1.3238111       5.0700795     -0.59312398    
   11.278787      -1.3202507       5.0530608     -0.59152980    
   11.240046      -1.3166247       5.0357024     -0.58990625    
   11.200526      -1.3129313       5.0179955     -0.58825253    
   11.160208      -1.3091686       4.9999308     -0.58656780    
   11.119071      -1.3053349       4.9814989     -0.58485124    
   11.077093      -1.3014281       4.9626904     -0.58310199    
   11.034253      -1.2974464       4.9434956     -0.58131918    
   10.990529      -1.2933877       4.9239047     -0.57950192    
   10.945899      -1.2892501       4.9039076     -0.57764932    
   10.900339      -1.2850315       4.8834941     -0.57576045    
   10.853827      -1.2807297       4.8626538     -0.57383437    
   10.806340      -1.2763428       4.8413763     -0.57187014    
   10.757853      -1.2718684       4.8196509     -0.56986678    
   10.708342      -1.2673045       4.7974667     -0.56782332    
   10.657782      -1.2626488       4.7748127     -0.56573875    
   10.606150      -1.2578990       4.7516778     -0.56361205    
   10.553419      -1.2530528       4.7280506     -0.56144219    
   10.499564      -1.2481078       4.7039197     -0.55922813    
   10.444559      -1.2430618       4.6792734     -0.55696880    
   10.388378      -1.2379123       4.6541002     -0.55466313    
   10.330994      -1.2326568       4.6283881     -0.55231003    
   10.272382      -1.2272929       4.6021251     -0.54990838    
   10.212513      -1.2218182       4.5752992     -0.54745708    
   10.151361      -1.2162300       4.5478982     -0.54495499    
   10.088898      -1.2105259       4.5199098     -0.54240097    
   10.025097      -1.2047032       4.4913217     -0.53979387    
   9.9599301      -1.1987594       4.4621214     -0.53713252    
   9.8933693      -1.1926918       4.4322964     -0.53441575    
   9.8253869      -1.1864978       4.4018343     -0.53164238    
   9.7559547      -1.1801748       4.3707225     -0.52881123    
   9.6850448      -1.1737201       4.3389483     -0.52592109    
   9.6126293      -1.1671310       4.3064994     -0.52297077    
   9.5386801      -1.1604049       4.2733631     -0.51995906    
   9.4631694      -1.1535390       4.2395270     -0.51688477    
   9.3860697      -1.1465306       4.2049787     -0.51374668    
   9.3073534      -1.1393772       4.1697059     -0.51054360    
   9.2269933      -1.1320760       4.1336962     -0.50727433    
   9.1449625      -1.1246243       4.0969378     -0.50393766    
   9.0612345      -1.1170195       4.0594187     -0.50053243    
   8.9757833      -1.1092590       4.0211272     -0.49705743    
   8.8885834      -1.1013402       3.9820518     -0.49351153    
   8.7996097      -1.0932605       3.9421815     -0.48989355    
   8.7088380      -1.0850174       3.9015052     -0.48620238    
   8.6162448      -1.0766085       3.8600124     -0.48243689    
   8.5218074      -1.0680312       3.8176929     -0.47859600    
   8.4255040      -1.0592832       3.7745370     -0.47467864    
   8.3273139      -1.0503623       3.7305354     -0.47068378    
   8.2272174      -1.0412661       3.6856793     -0.46661042    
   8.1251964      -1.0319926       3.6399604     -0.46245759    
   8.0212336      -1.0225397       3.5933710     -0.45822437    
   7.9153136      -1.0129054       3.5459043     -0.45390988    
   7.8074223      -1.0030879       3.4975538     -0.44951328    
   7.6975476     -0.99308540       3.4483142     -0.44503381    
   7.5856790     -0.98289640       3.3981807     -0.44047073    
   7.4718081     -0.97251939       3.3471495     -0.43582339    
   7.3559285     -0.96195306       3.2952177     -0.43109120    
   7.2380362     -0.95119625       3.2423836     -0.42627363    
   7.1181296     -0.94024799       3.1886463     -0.42137024    
   6.9962095     -0.92910749       3.1340064     -0.41638067    
   6.8722797     -0.91777413       3.0784653     -0.41130465    
   6.7463467     -0.90624754       3.0220261     -0.40614199    
   6.6184203     -0.89452754       2.9646930     -0.40089261    
   6.4885133     -0.88261419       2.9064718     -0.39555653    
   6.3566419     -0.87050781       2.8473698     -0.39013389    
   6.2228263     -0.85820898       2.7873960     -0.38462494    
   6.0870901     -0.84571853       2.7265609     -0.37903005    
   5.9494610     -0.83303760       2.6648769     -0.37334972    
   5.8099708     -0.82016765       2.6023584     -0.36758459    
   5.6686560     -0.80711041       2.5390215     -0.36173544    
   5.5255571     -0.79386799       2.4748845     -0.35580320    
   5.3807199     -0.78044280       2.4099679     -0.34978893    
   5.2341948     -0.76683764       2.3442942     -0.34369390    
   5.0860374     -0.75305568       2.2778885     -0.33751950    
   4.9363087     -0.73910046       2.2107779     -0.33126732    
   4.7850751     -0.72497593       2.1429922     -0.32493911    
   4.6324088     -0.71068646       2.0745639     -0.31853683    
   4.4783877     -0.69623682       2.0055279     -0.31206260    
   4.3230959     -0.68163225       1.9359218     -0.30551875    
   4.1666237     -0.66687842       1.8657861     -0.29890783    
   4.0090675     -0.65198147       1.7951641     -0.29223257    
   3.8505304     -0.63694800       1.7241020     -0.28549591    
   3.6911222     -0.62178511       1.6526490     -0.27870103    
   3.5309592     -0.60650036       1.5808573     -0.27185131    
   3.3701645     -0.59110184       1.5087822     -0.26495036    
   3.2088683     -0.57559812       1.4364819     -0.25800201    
   3.0472077     -0.55999830       1.3640181     -0.25101033    
   2.8853267     -0.54431197       1.2914554     -0.24397960    
   2.7233763     -0.52854926       1.2188614     -0.23691436    
   2.5615147     -0.51272080       1.1463072     -0.22981936    
   2.3999067     -0.49683774       1.0738668     -0.22269959    
   2.2387242     -0.48091176       1.0016173     -0.21556028    
   2.0781458     -0.46495503      0.92963895     -0.20840686    
   1.9183566     -0.44898024      0.85801481     -0.20124501    
   1.7595484     -0.43300055      0.78683095     -0.19408064    
   1.6019190     -0.41702962      0.71617619     -0.18691986    
   1.4456720     -0.40108158      0.64614205     -0.17976899    
   1.2910167     -0.38517101      0.57682253     -0.17263456    
   1.1381679     -0.36931292      0.50831404     -0.16552330    
  0.98734488     -0.35352271      0.44071516     -0.15844211    
  0.83877143     -0.33781619      0.37412643     -0.15139807    
  0.69267518     -0.32220950      0.30865014     -0.14439843    
  0.54928701     -0.30671911      0.24439007     -0.13745056    
  0.40884046     -0.29136178      0.18145119     -0.13056197    
  0.27157100     -0.27615448      0.11993936     -0.12374029    
  0.13771533     -0.26111440      0.59961017E-01 -0.11699323    
  0.75105226E-02 -0.24625887      0.16227825E-02 -0.11032856    
 -0.11880677     -0.23160533     -0.54968902E-01 -0.10375412    
 -0.24100128     -0.21717124     -0.10970819     -0.97277740E-01
 -0.35884009     -0.20297406     -0.16249028     -0.90907270E-01
 -0.47209362     -0.18903117     -0.21321186     -0.84650519E-01
 -0.58053676     -0.17535981     -0.26177157     -0.78515237E-01
 -0.68394993     -0.16197702     -0.30807057     -0.72509086E-01
 -0.78212031     -0.14889956     -0.35201301     -0.66639606E-01
 -0.87484301     -0.13614385     -0.39350658     -0.60914190E-01
 -0.96192232     -0.12372589     -0.43246313     -0.55340044E-01
  -1.0431730     -0.11166120     -0.46879915     -0.49924161E-01
  -1.1184216     -0.99964744E-01 -0.50243644     -0.44673287E-01
  -1.1875078     -0.88650837E-01 -0.53330267     -0.39593883E-01
  -1.2502855     -0.77733092E-01 -0.56133199     -0.34692096E-01
  -1.3066247     -0.67224332E-01 -0.58646563     -0.29973722E-01
  -1.3564122     -0.57136519E-01 -0.60865251     -0.25444173E-01
  -1.3995532     -0.47480674E-01 -0.62784979     -0.21108443E-01
  -1.4359726     -0.38266805E-01 -0.64402352     -0.16971075E-01
  -1.4656164     -0.29503835E-01 -0.65714914     -0.13036124E-01
  -1.4884524     -0.21199526E-01 -0.66721203     -0.93071307E-02
  -1.5044716     -0.13360419E-01 -0.67420802     -0.57870876E-02
  -1.5136892     -0.59917642E-02 -0.67814385     -0.24784106E-02
  -1.5161456      0.90253462E-03 -0.67903760      0.61708741E-03
  -1.5119069      0.73199737E-02 -0.67691903      0.34982203E-02
  -1.5010661      0.13259495E-01 -0.67182995      0.61644501E-02
  -1.4837431      0.18721523E-01 -0.66382443      0.86159043E-02
  -1.4600853      0.23707997E-01 -0.65296898      0.10853390E-01
  -1.4302679      0.28222389E-01 -0.63934269      0.12878402E-01
  -1.3944940      0.32269715E-01 -0.62303724      0.14693132E-01
  -1.3529940      0.35856538E-01 -0.60415684      0.16300464E-01
  -1.3060260      0.38990952E-01 -0.58281809      0.17703974E-01
  -1.2538744      0.41682565E-01 -0.55914976      0.18907923E-01
  -1.1968499      0.43942470E-01 -0.53329244      0.19917236E-01
  -1.1352881      0.45783195E-01 -0.50539808      0.20737493E-01
  -1.0695483      0.47218657E-01 -0.47562954      0.21374899E-01
  -1.0000124      0.48264096E-01 -0.44415988      0.21836259E-01
 -0.92708263      0.48936003E-01 -0.41117167      0.22128948E-01
 -0.85118052      0.49252037E-01 -0.37685614      0.22260872E-01
 -0.77274417      0.49230939E-01 -0.34141226      0.22240429E-01
 -0.69222624      0.48892427E-01 -0.30504572      0.22076466E-01
 -0.61009141      0.48257096E-01 -0.26796778      0.21778231E-01
 -0.52681370      0.47346299E-01 -0.23039412      0.21355325E-01
 -0.44287364      0.46182034E-01 -0.19254348      0.20817646E-01
 -0.35875526      0.44786814E-01 -0.15463636      0.20175336E-01
 -0.27494294      0.43183538E-01 -0.11689357      0.19438718E-01
 -0.19191814      0.41395354E-01 -0.79534760E-01  0.18618242E-01
 -0.11015609      0.39445522E-01 -0.42776871E-01  0.17724417E-01
 -0.30122375E-01  0.37357268E-01 -0.68326200E-02  0.16767747E-01
  0.47730473E-01  0.35153642E-01  0.28091077E-01  0.15758670E-01
  0.12296637      0.32857369E-01  0.61794661E-01  0.14707487E-01
  0.19516899      0.30490705E-01  0.94087461E-01  0.13624298E-01
  0.26394507      0.28075293E-01  0.12478919      0.12518940E-01
  0.32892740      0.25632026E-01  0.15373136      0.11400919E-01
  0.38977782      0.23180918E-01  0.18075868      0.10279357E-01
  0.44618989      0.20740978E-01  0.20573026      0.91629274E-02
  0.49789130      0.18330103E-01  0.22852080      0.80598145E-02
  0.54464610      0.15964978E-01  0.24902160      0.69776616E-02
  0.58625647      0.13660996E-01  0.26714146      0.59235341E-02
  0.62256431      0.11432183E-01  0.28280741      0.49038868E-02
  0.65345240      0.92911449E-02  0.29596530      0.39245363E-02
  0.67884514      0.72490204E-02  0.30658022      0.29906395E-02
  0.69870900      0.53154509E-02  0.31463671      0.21066779E-02
  0.71305246      0.34985610E-02  0.32013883      0.12764471E-02
  0.72192555      0.18049512E-02  0.32311000      0.50305194E-03
  0.72541895      0.23970491E-03  0.32359263     -0.21109211E-03
  0.72366266     -0.11935909E-02  0.32164760     -0.86425131E-03
  0.71682417     -0.24928109E-02  0.31735343     -0.14553592E-02
  0.70510625     -0.36572400E-02  0.31080537     -0.19839950E-02
  0.68874439     -0.46875083E-02  0.30211425     -0.24503555E-02
  0.66800372     -0.55855099E-02  0.29140515     -0.28552191E-02
  0.64317586     -0.63543086E-02  0.27881596     -0.31999044E-02
  0.61457524     -0.69980310E-02  0.26449580     -0.34862223E-02
  0.58253547     -0.75217492E-02  0.24860334     -0.37164239E-02
  0.54740543     -0.79313560E-02  0.23130506     -0.38931438E-02
  0.50954533     -0.82334343E-02  0.21277348     -0.40193416E-02
  0.46932281     -0.84351242E-02  0.19318542     -0.40982417E-02
  0.42710909     -0.85439910E-02  0.17272019     -0.41332733E-02
  0.38327522     -0.85678947E-02  0.15155796     -0.41280116E-02
  0.33818858     -0.85148670E-02  0.12987809     -0.40861212E-02
  0.29220955     -0.83929941E-02  0.10785765     -0.40113032E-02
  0.24568845     -0.82103104E-02  0.85670008E-01 -0.39072463E-02
  0.19896285     -0.79747024E-02  0.63483547E-01 -0.37775830E-02
  0.15235511     -0.76938247E-02  0.41460539E-01 -0.36258509E-02
  0.10617026     -0.73750282E-02  0.19756148E-01 -0.34554596E-02
  0.60694268E-01 -0.70253011E-02 -0.14824226E-02 -0.32696636E-02
  0.16192590E-01 -0.66512221E-02 -0.22116637E-01 -0.30715404E-02
 -0.27090987E-01 -0.62589252E-02 -0.42017199E-01 -0.28639736E-02
 -0.68935152E-01 -0.58540759E-02 -0.61064500E-01 -0.26496415E-02
 -0.10914163     -0.54418564E-02 -0.79148935E-01 -0.24310100E-02
 -0.14753547     -0.50269606E-02 -0.96171113E-01 -0.22103288E-02
 -0.18396512     -0.46135962E-02 -0.11204196     -0.19896317E-02
 -0.21830222     -0.42054929E-02 -0.12668275     -0.17707395E-02
 -0.25044131     -0.38059163E-02 -0.14002500     -0.15552647E-02
 -0.28029927     -0.34176857E-02 -0.15201032     -0.13446186E-02
 -0.30781466     -0.30431951E-02 -0.16259025     -0.11400194E-02
 -0.33294690     -0.26844362E-02 -0.17172589     -0.94250163E-03
 -0.35567535     -0.23430234E-02 -0.17938762     -0.75292544E-03
 -0.37599829     -0.20202190E-02 -0.18555465     -0.57198727E-03
 -0.39393174     -0.17169599E-02 -0.19021461     -0.40023010E-03
 -0.40950830     -0.14338835E-02 -0.19336303     -0.23805411E-03
 -0.42277584     -0.11713539E-02 -0.19500279     -0.85727232E-04
 -0.43379617     -0.92948780E-03 -0.19514351      0.56604206E-04
 -0.44264362     -0.70817999E-03 -0.19380098      0.18890494E-03
 -0.44940365     -0.50712827E-03 -0.19099645      0.31124021E-03
 -0.45417138     -0.32585790E-03 -0.18675596      0.42376535E-03
 -0.45705013     -0.16374531E-03 -0.18110962      0.52671536E-03
 -0.45814999     -0.20041179E-04 -0.17409093      0.62039471E-03
 -0.45758638      0.10610755E-03 -0.16573599      0.70516733E-03
 -0.45547865      0.21563665E-03 -0.15608281      0.78144693E-03
 -0.45194879      0.30954490E-03 -0.14517058      0.84968766E-03
 -0.44712010      0.38887591E-03 -0.13303897      0.91037532E-03
 -0.44111603      0.45470163E-03 -0.11972743      0.96401902E-03
 -0.43405901      0.50810755E-03 -0.10527450      0.10111434E-02
 -0.42606941      0.55017991E-03 -0.89717254E-01  0.10522815E-02
 -0.41726457      0.58199463E-03 -0.73090612E-01  0.10879677E-02
 -0.40775787      0.60460809E-03 -0.55426853E-01  0.11187310E-02
 -0.39765787      0.61904953E-03 -0.36755096E-01  0.11450889E-02
 -0.38706756      0.62631495E-03 -0.17100892E-01  0.11675406E-02
 -0.37608360      0.62736232E-03  0.35140957E-02  0.11865598E-02
 -0.36479564      0.62310787E-03  0.25072280E-01  0.12025877E-02
 -0.35328573      0.61442343E-03  0.47560182E-01  0.12160241E-02
 -0.34162765      0.60213457E-03  0.70968241E-01  0.12272189E-02
 -0.32988641      0.58701936E-03  0.95290362E-01  0.12364606E-02
 -0.31811771      0.56980776E-03  0.12052312      0.12439652E-02
 -0.30636746      0.55118144E-03  0.14666453      0.12498618E-02
 -0.29467130      0.53177598E-03  0.17371229      0.12541772E-02
 -0.28305412      0.51217471E-03  0.20166136      0.12568180E-02
 -0.27152976      0.49291559E-03  0.23050072      0.12575504E-02
     SPIN 1  L=1
  0.89327644E-02  0.44883311E-02  0.33138117E-02  0.16650483E-02
  0.14794702E-01  0.74592509E-02  0.54884304E-02  0.27671785E-02
  0.19934365E-01  0.10086048E-01  0.73951052E-02  0.37416486E-02
  0.24701237E-01  0.12490125E-01  0.91634850E-02  0.46334947E-02
  0.29246645E-01  0.14725845E-01  0.10849708E-01  0.54628846E-02
  0.33599996E-01  0.16916299E-01  0.12464683E-01  0.62754822E-02
  0.37826808E-01  0.19046439E-01  0.14032715E-01  0.70657046E-02
  0.41956031E-01  0.21135218E-01  0.15564545E-01  0.78405834E-02
  0.46010641E-01  0.23191521E-01  0.17068695E-01  0.86034143E-02
  0.50007086E-01  0.25223010E-01  0.18551268E-01  0.93570398E-02
  0.53957900E-01  0.27235624E-01  0.20016912E-01  0.10103663E-01
  0.57872848E-01  0.29234125E-01  0.21469252E-01  0.10845050E-01
  0.61759707E-01  0.31222376E-01  0.22911171E-01  0.11582635E-01
  0.65624771E-01  0.33203555E-01  0.24345006E-01  0.12317596E-01
  0.69473198E-01  0.35180303E-01  0.25772668E-01  0.13050913E-01
  0.73309258E-01  0.37154836E-01  0.27195743E-01  0.13783408E-01
  0.77136512E-01  0.39129029E-01  0.28615551E-01  0.14515777E-01
  0.80957946E-01  0.41104478E-01  0.30033200E-01  0.15248611E-01
  0.84776071E-01  0.43082545E-01  0.31449621E-01  0.15982417E-01
  0.88592999E-01  0.45064399E-01  0.32865599E-01  0.16717627E-01
  0.92410509E-01  0.47051044E-01  0.34281792E-01  0.17454615E-01
  0.96230090E-01  0.49043339E-01  0.35698754E-01  0.18193698E-01
  0.10005299      0.51042021E-01  0.37116946E-01  0.18935150E-01
  0.10388022      0.53047717E-01  0.38536746E-01  0.19679204E-01
  0.10771262      0.55060958E-01  0.39958465E-01  0.20426056E-01
  0.11155085      0.57082186E-01  0.41382347E-01  0.21175871E-01
  0.11539543      0.59111767E-01  0.42808582E-01  0.21928785E-01
  0.11924672      0.61149995E-01  0.44237309E-01  0.22684906E-01
  0.12310498      0.63197096E-01  0.45668619E-01  0.23444319E-01
  0.12697034      0.65253238E-01  0.47102563E-01  0.24207085E-01
  0.13084283      0.67318531E-01  0.48539154E-01  0.24973246E-01
  0.13472238      0.69393032E-01  0.49978367E-01  0.25742822E-01
  0.13860886      0.71476747E-01  0.51420148E-01  0.26515816E-01
  0.14250203      0.73569636E-01  0.52864410E-01  0.27292213E-01
  0.14640158      0.75671612E-01  0.54311040E-01  0.28071981E-01
  0.15030715      0.77782547E-01  0.55759900E-01  0.28855072E-01
  0.15421828      0.79902269E-01  0.57210827E-01  0.29641422E-01
  0.15813448      0.82030567E-01  0.58663636E-01  0.30430953E-01
  0.16205521      0.84167193E-01  0.60118122E-01  0.31223574E-01
  0.16597986      0.86311860E-01  0.61574062E-01  0.32019176E-01
  0.16990777      0.88464246E-01  0.63031216E-01  0.32817642E-01
  0.17383827      0.90623992E-01  0.64489328E-01  0.33618838E-01
  0.17777062      0.92790708E-01  0.65948126E-01  0.34422619E-01
  0.18170406      0.94963970E-01  0.67407329E-01  0.35228828E-01
  0.18563780      0.97143319E-01  0.68866643E-01  0.36037295E-01
  0.18957101      0.99328270E-01  0.70325762E-01  0.36847840E-01
  0.19350286      0.10151830      0.71784376E-01  0.37660270E-01
  0.19743248      0.10371287      0.73242164E-01  0.38474382E-01
  0.20135901      0.10591141      0.74698802E-01  0.39289962E-01
  0.20528154      0.10811329      0.76153960E-01  0.40106788E-01
  0.20919919      0.11031791      0.77607307E-01  0.40924625E-01
  0.21311106      0.11252459      0.79058510E-01  0.41743229E-01
  0.21701626      0.11473267      0.80507236E-01  0.42562349E-01
  0.22091388      0.11694143      0.81953154E-01  0.43381723E-01
  0.22480305      0.11915015      0.83395936E-01  0.44201081E-01
  0.22868290      0.12135808      0.84835259E-01  0.45020144E-01
  0.23255257      0.12356445      0.86270806E-01  0.45838627E-01
  0.23641123      0.12576846      0.87702269E-01  0.46656237E-01
  0.24025806      0.12796931      0.89129347E-01  0.47472674E-01
  0.24409231      0.13016617      0.90551753E-01  0.48287629E-01
  0.24791321      0.13235820      0.91969211E-01  0.49100791E-01
  0.25172007      0.13454453      0.93381458E-01  0.49911839E-01
  0.25551222      0.13672430      0.94788248E-01  0.50720451E-01
  0.25928904      0.13889661      0.96189354E-01  0.51526297E-01
  0.26304998      0.14106056      0.97584565E-01  0.52329042E-01
  0.26679451      0.14321525      0.98973692E-01  0.53128349E-01
  0.27052220      0.14535976      0.10035657      0.53923878E-01
  0.27423265      0.14749315      0.10173305      0.54715282E-01
  0.27792555      0.14961448      0.10310303      0.55502216E-01
  0.28160066      0.15172283      0.10446640      0.56284328E-01
  0.28525781      0.15381724      0.10582310      0.57061270E-01
  0.28889691      0.15589675      0.10717312      0.57832686E-01
  0.29251796      0.15796042      0.10851644      0.58598224E-01
  0.29612106      0.16000730      0.10985310      0.59357531E-01
  0.29970639      0.16203642      0.11118316      0.60110250E-01
  0.30327424      0.16404684      0.11250674      0.60856030E-01
  0.30682499      0.16603760      0.11382398      0.61594517E-01
  0.31035913      0.16800775      0.11513506      0.62325359E-01
  0.31387727      0.16995635      0.11644020      0.63048206E-01
  0.31738012      0.17188247      0.11773967      0.63762710E-01
  0.32086853      0.17378516      0.11903378      0.64468525E-01
  0.32434346      0.17566351      0.12032289      0.65165307E-01
  0.32780598      0.17751660      0.12160740      0.65852718E-01
  0.33125732      0.17934351      0.12288775      0.66530419E-01
  0.33469883      0.18114336      0.12416447      0.67198079E-01
  0.33813200      0.18291526      0.12543808      0.67855367E-01
  0.34155846      0.18465832      0.12670921      0.68501959E-01
  0.34497997      0.18637169      0.12797850      0.69137534E-01
  0.34839848      0.18805451      0.12924668      0.69761776E-01
  0.35181605      0.18970595      0.13051451      0.70374375E-01
  0.35523492      0.19132518      0.13178282      0.70975024E-01
  0.35865747      0.19291139      0.13305250      0.71563423E-01
  0.36208627      0.19446378      0.13432449      0.72139276E-01
  0.36552402      0.19598157      0.13559980      0.72702292E-01
  0.36897361      0.19746400      0.13687950      0.73252189E-01
  0.37243810      0.19891031      0.13816474      0.73788686E-01
  0.37592071      0.20031977      0.13945669      0.74311511E-01
  0.37942485      0.20169165      0.14075663      0.74820396E-01
  0.38295411      0.20302525      0.14206589      0.75315079E-01
  0.38651224      0.20431989      0.14338585      0.75795304E-01
  0.39010319      0.20557487      0.14471800      0.76260820E-01
  0.39373109      0.20678956      0.14606384      0.76711382E-01
  0.39740025      0.20796329      0.14742500      0.77146752E-01
  0.40111517      0.20909544      0.14880312      0.77566694E-01
  0.40488053      0.21018539      0.15019996      0.77970981E-01
  0.40870120      0.21123253      0.15161732      0.78359387E-01
  0.41258224      0.21223629      0.15305707      0.78731696E-01
  0.41652889      0.21319608      0.15452115      0.79087692E-01
  0.42054658      0.21411134      0.15601159      0.79427168E-01
  0.42464092      0.21498153      0.15753047      0.79749919E-01
  0.42881769      0.21580609      0.15907992      0.80055744E-01
  0.43308287      0.21658451      0.16066216      0.80344448E-01
  0.43744259      0.21731626      0.16227948      0.80615839E-01
  0.44190318      0.21800084      0.16393421      0.80869728E-01
  0.44647110      0.21863775      0.16562876      0.81105932E-01
  0.45115301      0.21922651      0.16736559      0.81324268E-01
  0.45595569      0.21976663      0.16914723      0.81524559E-01
  0.46088609      0.22025764      0.17097624      0.81706629E-01
  0.46595129      0.22069908      0.17285525      0.81870305E-01
  0.47115851      0.22109048      0.17478695      0.82015417E-01
  0.47651510      0.22143140      0.17677405      0.82141797E-01
  0.48202849      0.22172138      0.17881932      0.82249280E-01
  0.48770627      0.22195999      0.18092557      0.82337700E-01
  0.49355607      0.22214679      0.18309563      0.82406894E-01
  0.49958563      0.22228134      0.18533237      0.82456703E-01
  0.50580275      0.22236322      0.18763868      0.82486965E-01
  0.51221529      0.22239198      0.19001749      0.82497521E-01
  0.51883115      0.22236722      0.19247171      0.82488214E-01
  0.52565826      0.22228849      0.19500430      0.82458885E-01
  0.53270456      0.22215539      0.19761819      0.82409378E-01
  0.53997800      0.22196750      0.20031633      0.82339537E-01
  0.54748648      0.22172438      0.20310167      0.82249205E-01
  0.55523792      0.22142562      0.20597712      0.82138226E-01
  0.56324013      0.22107081      0.20894559      0.82006445E-01
  0.57150091      0.22065953      0.21200997      0.81853707E-01
  0.58002793      0.22019135      0.21517311      0.81679856E-01
  0.58882879      0.21966586      0.21843783      0.81484738E-01
  0.59791096      0.21908266      0.22180688      0.81268197E-01
  0.60728176      0.21844131      0.22528300      0.81030079E-01
  0.61694838      0.21774141      0.22886884      0.80770230E-01
  0.62691783      0.21698254      0.23256701      0.80488497E-01
  0.63719691      0.21616429      0.23638002      0.80184725E-01
  0.64779223      0.21528626      0.24031033      0.79858762E-01
  0.65871017      0.21434803      0.24436029      0.79510458E-01
  0.66995684      0.21334920      0.24853219      0.79139662E-01
  0.68153811      0.21228938      0.25282818      0.78746226E-01
  0.69345954      0.21116817      0.25725034      0.78330002E-01
  0.70572640      0.20998518      0.26180060      0.77890846E-01
  0.71834360      0.20874004      0.26648081      0.77428616E-01
  0.73131574      0.20743236      0.27129264      0.76943173E-01
  0.74464700      0.20606179      0.27623767      0.76434381E-01
  0.75834121      0.20462797      0.28131730      0.75902109E-01
  0.77240176      0.20313056      0.28653278      0.75346230E-01
  0.78683159      0.20156924      0.29188520      0.74766620E-01
  0.80163318      0.19994369      0.29737549      0.74163165E-01
  0.81680852      0.19825362      0.30300436      0.73535754E-01
  0.83235907      0.19649876      0.30877237      0.72884284E-01
  0.84828576      0.19467885      0.31467984      0.72208662E-01
  0.86458892      0.19279367      0.32072690      0.71508800E-01
  0.88126829      0.19084302      0.32691345      0.70784623E-01
  0.89832297      0.18882671      0.33323914      0.70036064E-01
  0.91575138      0.18674461      0.33970337      0.69263071E-01
  0.93355124      0.18459660      0.34630531      0.68465600E-01
  0.95171954      0.18238263      0.35304381      0.67643625E-01
  0.97025248      0.18010264      0.35991747      0.66797131E-01
  0.98914545      0.17775667      0.36692456      0.65926122E-01
   1.0083930      0.17534475      0.37406305      0.65030617E-01
   1.0279888      0.17286701      0.38133057      0.64110655E-01
   1.0479254      0.17032359      0.38872440      0.63166294E-01
   1.0681948      0.16771472      0.39624147      0.62197612E-01
   1.0887875      0.16504068      0.40387831      0.61204711E-01
   1.1096933      0.16230180      0.41163107      0.60187717E-01
   1.1309005      0.15949851      0.41949547      0.59146779E-01
   1.1523967      0.15663127      0.42746681      0.58082076E-01
   1.1741680      0.15370066      0.43553994      0.56993814E-01
   1.1961992      0.15070730      0.44370923      0.55882229E-01
   1.2184740      0.14765194      0.45196857      0.54747589E-01
   1.2409745      0.14453538      0.46031135      0.53590193E-01
   1.2636816      0.14135854      0.46873042      0.52410379E-01
   1.2865747      0.13812242      0.47721811      0.51208519E-01
   1.3096316      0.13482814      0.48576616      0.49985024E-01
   1.3328285      0.13147692      0.49436575      0.48740344E-01
   1.3561403      0.12807009      0.50300746      0.47474971E-01
   1.3795398      0.12460909      0.51168124      0.46189443E-01
   1.4029985      0.12109550      0.52037642      0.44884339E-01
   1.4264858      0.11753102      0.52908167      0.43560286E-01
   1.4499697      0.11391747      0.53778501      0.42217962E-01
   1.4734160      0.11025681      0.54647376      0.40858090E-01
   1.4967889      0.10655114      0.55513456      0.39481449E-01
   1.5200506      0.10280270      0.56375334      0.38088868E-01
   1.5431614      0.99013877E-01  0.57231532      0.36681232E-01
   1.5660795      0.95187207E-01  0.58080498      0.35259479E-01
   1.5887615      0.91325378E-01  0.58920608      0.33824606E-01
   1.6111617      0.87431235E-01  0.59750165      0.32377668E-01
   1.6332325      0.83507779E-01  0.60567397      0.30919777E-01
   1.6549244      0.79558173E-01  0.61370458      0.29452106E-01
   1.6761860      0.75585739E-01  0.62157431      0.27975887E-01
   1.6969636      0.71593964E-01  0.62926324      0.26492414E-01
   1.7172021      0.67586499E-01  0.63675075      0.25003042E-01
   1.7368441      0.63567157E-01  0.64401552      0.23509186E-01
   1.7558306      0.59539914E-01  0.65103554      0.22012322E-01
   1.7741008      0.55508910E-01  0.65778814      0.20513986E-01
   1.7915921      0.51478441E-01  0.66425005      0.19015776E-01
   1.8082406      0.47452962E-01  0.67039737      0.17519344E-01
   1.8239805      0.43437078E-01  0.67620566      0.16026403E-01
   1.8387450      0.39435543E-01  0.68164998      0.14538719E-01
   1.8524660      0.35453254E-01  0.68670490      0.13058112E-01
   1.8650740      0.31495240E-01  0.69134462      0.11586453E-01
   1.8764991      0.27566657E-01  0.69554296      0.10125660E-01
   1.8866703      0.23672779E-01  0.69927351      0.86776933E-02
   1.8955163      0.19818987E-01  0.70250964      0.72445562E-02
   1.9029653      0.16010754E-01  0.70522462      0.58282866E-02
   1.9089458      0.12253638E-01  0.70739170      0.44309535E-02
   1.9133862      0.85532631E-02  0.70898422      0.30546519E-02
   1.9162155      0.49153059E-02  0.70997568      0.17014971E-02
   1.9173636      0.13454789E-02  0.71033992      0.37361860E-03
   1.9167614     -0.21504874E-02  0.71005117     -0.92684669E-03
   1.9143416     -0.55668625E-02  0.70908421     -0.21977609E-02
   1.9100382     -0.88979360E-02  0.70741453     -0.34369926E-02
   1.9037880     -0.12138037E-01  0.70501841     -0.46424242E-02
   1.8955299     -0.15281558E-01  0.70187314     -0.58119600E-02
   1.8852062     -0.18322970E-01  0.69795712     -0.69435341E-02
   1.8727626     -0.21256855E-01  0.69325003     -0.80351186E-02
   1.8581486     -0.24077920E-01  0.68773305     -0.90847326E-02
   1.8413181     -0.26781027E-01  0.68138896     -0.10090451E-01
   1.8222299     -0.29361212E-01  0.67420233     -0.11050412E-01
   1.8008480     -0.31813716E-01  0.66615977     -0.11962831E-01
   1.7771423     -0.34134007E-01  0.65725000     -0.12826003E-01
   1.7510890     -0.36317809E-01  0.64746414     -0.13638321E-01
   1.7226710     -0.38361128E-01  0.63679581     -0.14398279E-01
   1.6918785     -0.40260278E-01  0.62524138     -0.15104487E-01
   1.6587094     -0.42011913E-01  0.61280008     -0.15755678E-01
   1.6231698     -0.43613052E-01  0.59947424     -0.16350721E-01
   1.5852745     -0.45061107E-01  0.58526943     -0.16888632E-01
   1.5450471     -0.46353913E-01  0.57019460     -0.17368580E-01
   1.5025211     -0.47489751E-01  0.55426226     -0.17789903E-01
   1.4577393     -0.48467374E-01  0.53748862     -0.18152112E-01
   1.4107550     -0.49286030E-01  0.51989366     -0.18454902E-01
   1.3616316     -0.49945482E-01  0.50150131     -0.18698161E-01
   1.3104434     -0.50446028E-01  0.48233947     -0.18881973E-01
   1.2572751     -0.50788512E-01  0.46244012     -0.19006629E-01
   1.2022226     -0.50974340E-01  0.44183934     -0.19072626E-01
   1.1453926     -0.51005484E-01  0.42057734     -0.19080675E-01
   1.0869025     -0.50884489E-01  0.39869844     -0.19031699E-01
   1.0268809     -0.50614471E-01  0.37625107     -0.18926835E-01
  0.96546644     -0.50199114E-01  0.35328763     -0.18767434E-01
  0.90280851     -0.49642663E-01  0.32986449     -0.18555056E-01
  0.83906626     -0.48949909E-01  0.30604179     -0.18291466E-01
  0.77440843     -0.48126176E-01  0.28188333     -0.17978631E-01
  0.70901276     -0.47177300E-01  0.25745634     -0.17618709E-01
  0.64306539     -0.46109606E-01  0.23283130     -0.17214044E-01
  0.57676015     -0.44929879E-01  0.20808163     -0.16767155E-01
  0.51029780     -0.43645338E-01  0.18328344     -0.16280725E-01
  0.44388511     -0.42263599E-01  0.15851517     -0.15757588E-01
  0.37773390     -0.40792639E-01  0.13385727     -0.15200718E-01
  0.31206003     -0.39240762E-01  0.10939177     -0.14613213E-01
  0.24708222     -0.37616550E-01  0.85201872E-01 -0.13998281E-01
  0.18302084     -0.35928823E-01  0.61371482E-01 -0.13359223E-01
  0.12009665     -0.34186594E-01  0.37984748E-01 -0.12699416E-01
  0.58529452E-01 -0.32399015E-01  0.15125538E-01 -0.12022294E-01
 -0.14633372E-02 -0.30575330E-01 -0.71230922E-02 -0.11331330E-01
 -0.59668120E-01 -0.28724818E-01 -0.28679445E-01 -0.10630017E-01
 -0.11587660     -0.26856739E-01 -0.49463747E-01 -0.99218456E-02
 -0.16988729     -0.24980277E-01 -0.69398720E-01 -0.92102814E-02
 -0.22150701     -0.23104479E-01 -0.88410156E-01 -0.84987457E-02
 -0.27055237     -0.21238195E-01 -0.10642749     -0.77905911E-02
 -0.31685123     -0.19390020E-01 -0.12338437     -0.70890795E-02
 -0.36024411     -0.17568233E-01 -0.13921916     -0.63973599E-02
 -0.40058549     -0.15780744E-01 -0.15387553     -0.57184468E-02
 -0.43774511     -0.14035037E-01 -0.16730289     -0.50552006E-02
 -0.47160906     -0.12338124E-01 -0.17945683     -0.44103083E-02
 -0.50208082     -0.10696501E-01 -0.19029959     -0.37862677E-02
 -0.52908219     -0.91161094E-02 -0.19980037     -0.31853725E-02
 -0.55255403     -0.76023097E-02 -0.20793569     -0.26097005E-02
 -0.57245686     -0.61598512E-02 -0.21468959     -0.20611031E-02
 -0.58877136     -0.47928539E-02 -0.22005391     -0.15411974E-02
 -0.60149864     -0.35047924E-02 -0.22402836     -0.10513590E-02
 -0.61066035     -0.22984847E-02 -0.22662064     -0.59271763E-03
 -0.61629860     -0.11760848E-02 -0.22784642     -0.16615302E-03
 -0.61847571     -0.13907994E-03 -0.22772928      0.22770664E-03
 -0.61727365      0.81170668E-03 -0.22630052      0.58848466E-03
 -0.61279340      0.16761080E-02 -0.22359897      0.91605350E-03
 -0.60515399      0.24545983E-02 -0.21967065      0.12105299E-02
 -0.59449134      0.31482708E-02 -0.21456835      0.14722672E-02
 -0.58095702      0.37588090E-02 -0.20835118      0.17018450E-02
 -0.56471661      0.42884495E-02 -0.20108401      0.19000555E-02
 -0.54594816      0.47399383E-02 -0.19283690      0.20678874E-02
 -0.52484031      0.51164806E-02 -0.18368439      0.22065076E-02
 -0.50159046      0.54216849E-02 -0.17370485      0.23172398E-02
 -0.47640278      0.56595034E-02 -0.16297978      0.24015424E-02
 -0.44948626      0.58341687E-02 -0.15159303      0.24609849E-02
 -0.42105273      0.59501300E-02 -0.13963013      0.24972233E-02
 -0.39131495      0.60119883E-02 -0.12717755      0.25119760E-02
 -0.36048474      0.60244340E-02 -0.11432203      0.25070001E-02
 -0.32877125      0.59921866E-02 -0.10114992      0.24840684E-02
 -0.29637932      0.59199386E-02 -0.87746632E-01  0.24449485E-02
 -0.26350799      0.58123042E-02 -0.74196011E-01  0.23913828E-02
 -0.23034917      0.56737738E-02 -0.60579914E-01  0.23250717E-02
 -0.19708651      0.55086747E-02 -0.46977751E-01  0.22476581E-02
 -0.16389435      0.53211375E-02 -0.33466128E-01  0.21607152E-02
 -0.13093693      0.51150700E-02 -0.20118538E-01  0.20657364E-02
 -0.98367727E-01  0.48941372E-02 -0.70051201E-02  0.19641272E-02
 -0.66328929E-01  0.46617462E-02  0.58075280E-02  0.18571999E-02
 -0.34951085E-01  0.44210387E-02  0.18256487E-01  0.17461703E-02
 -0.43528790E-02  0.41748863E-02  0.30282598E-01  0.16321559E-02
  0.25358977E-01  0.39258920E-02  0.41830507E-01  0.15161762E-02
  0.54089741E-01  0.36763941E-02  0.52848669E-01  0.13991540E-02
  0.81756543E-01  0.34284737E-02  0.63289312E-01  0.12819175E-02
  0.10828821      0.31839648E-02  0.73108378E-01  0.11652042E-02
  0.13362500      0.29444655E-02  0.82265435E-01  0.10496644E-02
  0.15771832      0.27113508E-02  0.90723565E-01  0.93586551E-03
  0.18053035      0.24857862E-02  0.98449226E-01  0.82429645E-03
  0.20203361      0.22687416E-02  0.10541210      0.71537243E-03
  0.22221055      0.20610052E-02  0.11158492      0.60943928E-03
  0.24105306      0.18631971E-02  0.11694327      0.50677797E-03
  0.25856191      0.16757826E-02  0.12146537      0.40760885E-03
  0.27474627      0.14990855E-02  0.12513185      0.31209580E-03
  0.28962306      0.13333006E-02  0.12792549      0.22035027E-03
  0.30321641      0.11785052E-02  0.12983095      0.13243517E-03
  0.31555699      0.10346715E-02  0.13083444      0.48368661E-04
  0.32668141      0.90167713E-03  0.13092347     -0.31871991E-04
  0.33663150      0.77931662E-03  0.13008643     -0.10834670E-03
  0.34545371      0.66731156E-03  0.12831232     -0.18114878E-03
  0.35319836      0.56532091E-03  0.12559032     -0.25040118E-03
  0.35991906      0.47295064E-03  0.12190944     -0.31625281E-03
  0.36567193      0.38976293E-03  0.11725816     -0.37887483E-03
  0.37051505      0.31528470E-03  0.11162396     -0.43845711E-03
  0.37450774      0.24901532E-03  0.10499299     -0.49520472E-03
  0.37770997      0.19043352E-03  0.97349640E-01 -0.54933459E-03
  0.38018169      0.13900320E-03  0.88676159E-01 -0.60107217E-03
  0.38198227      0.94178387E-04  0.78952248E-01 -0.65064809E-03
  0.38316979      0.55407059E-04  0.68154696E-01 -0.69829463E-03
  0.38380047      0.22134053E-04  0.56257032E-01 -0.74424202E-03
  0.38392797     -0.61969343E-05  0.43229213E-01 -0.78871407E-03
  0.38360269     -0.30142144E-04  0.29037384E-01 -0.83192326E-03
  0.38287104     -0.50257256E-04  0.13643714E-01 -0.87406471E-03
  0.38177458     -0.67097474E-04 -0.29936198E-02 -0.91530898E-03
  0.38034917     -0.81218078E-04 -0.20920283E-01 -0.95579333E-03
  0.37862396     -0.93175345E-04 -0.40185379E-01 -0.99561097E-03
  0.37662032     -0.10352769E-03 -0.60840716E-01 -0.10347982E-02
  0.37435060     -0.11283693E-03 -0.82939646E-01 -0.10733186E-02
  0.37181694     -0.12167181E-03 -0.10653533     -0.11110447E-02
  0.36900948     -0.13060157E-03 -0.13167829     -0.11477357E-02
  0.36590507     -0.14020350E-03 -0.15841305     -0.11830117E-02
     SPIN 1  L=2
  0.18019255E-06  0.12025213E-06 -0.10014132E-06 -0.66829667E-07
  0.57208842E-06  0.38311980E-06 -0.31793597E-06 -0.21291738E-06
  0.11344744E-05  0.76246885E-06 -0.63047986E-06 -0.42373917E-06
  0.18590937E-05  0.12466355E-05 -0.10331843E-05 -0.69281300E-06
  0.27432856E-05  0.18307139E-05 -0.15245704E-05 -0.10174126E-05
  0.37805673E-05  0.25237047E-05 -0.21010357E-05 -0.14025397E-05
  0.49757055E-05  0.33223024E-05 -0.27652291E-05 -0.18463576E-05
  0.63312124E-05  0.42294832E-05 -0.35185466E-05 -0.23505203E-05
  0.78513017E-05  0.52478771E-05 -0.43633302E-05 -0.29164892E-05
  0.95407961E-05  0.63809360E-05 -0.53022601E-05 -0.35461829E-05
  0.11405192E-04  0.76325581E-05 -0.63383907E-05 -0.42417679E-05
  0.13450553E-04  0.90070641E-05 -0.74750919E-05 -0.50056451E-05
  0.15683462E-04  0.10509148E-04 -0.87160218E-05 -0.58404237E-05
  0.18110981E-04  0.12143854E-04 -0.10065106E-04 -0.67489065E-05
  0.20740632E-04  0.13916558E-04 -0.11526523E-04 -0.77340811E-05
  0.23580372E-04  0.15832957E-04 -0.13104697E-04 -0.87991141E-05
  0.26638589E-04  0.17899065E-04 -0.14804289E-04 -0.99473476E-05
  0.29924093E-04  0.20121209E-04 -0.16630194E-04 -0.11182298E-04
  0.33446111E-04  0.22506030E-04 -0.18587540E-04 -0.12507655E-04
  0.37214286E-04  0.25060480E-04 -0.20681688E-04 -0.13927284E-04
  0.41238684E-04  0.27791833E-04 -0.22918230E-04 -0.15445226E-04
  0.45529789E-04  0.30707680E-04 -0.25302993E-04 -0.17065701E-04
  0.50098512E-04  0.33815938E-04 -0.27842041E-04 -0.18793107E-04
  0.54956193E-04  0.37124858E-04 -0.30541676E-04 -0.20632031E-04
  0.60114610E-04  0.40643025E-04 -0.33408444E-04 -0.22587244E-04
  0.65585984E-04  0.44379369E-04 -0.36449136E-04 -0.24663709E-04
  0.71382983E-04  0.48343171E-04 -0.39670793E-04 -0.26866583E-04
  0.77518737E-04  0.52544071E-04 -0.43080710E-04 -0.29201224E-04
  0.84006838E-04  0.56992073E-04 -0.46686443E-04 -0.31673192E-04
  0.90861353E-04  0.61697557E-04 -0.50495809E-04 -0.34288255E-04
  0.98096834E-04  0.66671283E-04 -0.54516895E-04 -0.37052394E-04
  0.10572832E-03  0.71924403E-04 -0.58758059E-04 -0.39971806E-04
  0.11377136E-03  0.77468467E-04 -0.63227941E-04 -0.43052910E-04
  0.12224201E-03  0.83315434E-04 -0.67935463E-04 -0.46302352E-04
  0.13115683E-03  0.89477678E-04 -0.72889837E-04 -0.49727009E-04
  0.14053295E-03  0.95968001E-04 -0.78100569E-04 -0.53333996E-04
  0.15038801E-03  0.10279964E-03 -0.83577470E-04 -0.57130668E-04
  0.16074020E-03  0.10998627E-03 -0.89330654E-04 -0.61124627E-04
  0.17160831E-03  0.11754202E-03 -0.95370550E-04 -0.65323728E-04
  0.18301166E-03  0.12548150E-03 -0.10170791E-03 -0.69736083E-04
  0.19497019E-03  0.13381976E-03 -0.10835380E-03 -0.74370065E-04
  0.20750442E-03  0.14257237E-03 -0.11531964E-03 -0.79234317E-04
  0.22063550E-03  0.15175535E-03 -0.12261717E-03 -0.84337753E-04
  0.23438518E-03  0.16138526E-03 -0.13025849E-03 -0.89689567E-04
  0.24877588E-03  0.17147915E-03 -0.13825605E-03 -0.95299236E-04
  0.26383064E-03  0.18205458E-03 -0.14662265E-03 -0.10117653E-03
  0.27957318E-03  0.19312967E-03 -0.15537149E-03 -0.10733150E-03
  0.29602790E-03  0.20472305E-03 -0.16451612E-03 -0.11377452E-03
  0.31321991E-03  0.21685393E-03 -0.17407049E-03 -0.12051625E-03
  0.33117502E-03  0.22954205E-03 -0.18404894E-03 -0.12756767E-03
  0.34991976E-03  0.24280774E-03 -0.19446623E-03 -0.13494008E-03
  0.36948142E-03  0.25667192E-03 -0.20533752E-03 -0.14264509E-03
  0.38988807E-03  0.27115606E-03 -0.21667841E-03 -0.15069466E-03
  0.41116854E-03  0.28628228E-03 -0.22850492E-03 -0.15910106E-03
  0.43335249E-03  0.30207328E-03 -0.24083353E-03 -0.16787691E-03
  0.45647040E-03  0.31855239E-03 -0.25368118E-03 -0.17703518E-03
  0.48055360E-03  0.33574357E-03 -0.26706528E-03 -0.18658919E-03
  0.50563430E-03  0.35367143E-03 -0.28100374E-03 -0.19655261E-03
  0.53174561E-03  0.37236123E-03 -0.29551496E-03 -0.20693948E-03
  0.55892158E-03  0.39183889E-03 -0.31061785E-03 -0.21776421E-03
  0.58719721E-03  0.41213102E-03 -0.32633187E-03 -0.22904158E-03
  0.61660850E-03  0.43326490E-03 -0.34267703E-03 -0.24078675E-03
  0.64719247E-03  0.45526853E-03 -0.35967389E-03 -0.25301529E-03
  0.67898718E-03  0.47817058E-03 -0.37734362E-03 -0.26574314E-03
  0.71203182E-03  0.50200050E-03 -0.39570799E-03 -0.27898664E-03
  0.74636670E-03  0.52678842E-03 -0.41478940E-03 -0.29276257E-03
  0.78203330E-03  0.55256526E-03 -0.43461090E-03 -0.30708809E-03
  0.81907432E-03  0.57936267E-03 -0.45519624E-03 -0.32198079E-03
  0.85753376E-03  0.60721308E-03 -0.47656984E-03 -0.33745871E-03
  0.89745691E-03  0.63614970E-03 -0.49875689E-03 -0.35354030E-03
  0.93889045E-03  0.66620657E-03 -0.52178333E-03 -0.37024446E-03
  0.98188248E-03  0.69741849E-03 -0.54567590E-03 -0.38759055E-03
  0.10264826E-02  0.72982112E-03 -0.57046215E-03 -0.40559839E-03
  0.10727420E-02  0.76345096E-03 -0.59617054E-03 -0.42428826E-03
  0.11207135E-02  0.79834536E-03 -0.62283039E-03 -0.44368090E-03
  0.11704516E-02  0.83454252E-03 -0.65047201E-03 -0.46379757E-03
  0.12220125E-02  0.87208156E-03 -0.67912667E-03 -0.48466000E-03
  0.12754544E-02  0.91100246E-03 -0.70882670E-03 -0.50629040E-03
  0.13308375E-02  0.95134616E-03 -0.73960551E-03 -0.52871153E-03
  0.13882239E-02  0.99315449E-03 -0.77149766E-03 -0.55194664E-03
  0.14476780E-02  0.10364703E-02 -0.80453891E-03 -0.57601952E-03
  0.15092665E-02  0.10813372E-02 -0.83876630E-03 -0.60095448E-03
  0.15730582E-02  0.11278001E-02 -0.87421816E-03 -0.62677639E-03
  0.16391248E-02  0.11759047E-02 -0.91093426E-03 -0.65351068E-03
  0.17075405E-02  0.12256977E-02 -0.94895583E-03 -0.68118332E-03
  0.17783821E-02  0.12772269E-02 -0.98832565E-03 -0.70982089E-03
  0.18517298E-02  0.13305411E-02 -0.10290881E-02 -0.73945051E-03
  0.19276665E-02  0.13856904E-02 -0.10712895E-02 -0.77009993E-03
  0.20062786E-02  0.14427256E-02 -0.11149777E-02 -0.80179749E-03
  0.20876559E-02  0.15016989E-02 -0.11602026E-02 -0.83457215E-03
  0.21718920E-02  0.15626634E-02 -0.12070163E-02 -0.86845348E-03
  0.22590842E-02  0.16256736E-02 -0.12554728E-02 -0.90347170E-03
  0.23493342E-02  0.16907850E-02 -0.13056287E-02 -0.93965767E-03
  0.24427479E-02  0.17580542E-02 -0.13575427E-02 -0.97704288E-03
  0.25394358E-02  0.18275392E-02 -0.14112765E-02 -0.10156595E-02
  0.26395136E-02  0.18992991E-02 -0.14668940E-02 -0.10555404E-02
  0.27431018E-02  0.19733941E-02 -0.15244626E-02 -0.10967191E-02
  0.28503270E-02  0.20498858E-02 -0.15840523E-02 -0.11392299E-02
  0.29613211E-02  0.21288371E-02 -0.16457366E-02 -0.11831075E-02
  0.30762229E-02  0.22103120E-02 -0.17095926E-02 -0.12283877E-02
  0.31951774E-02  0.22943760E-02 -0.17757008E-02 -0.12751068E-02
  0.33183370E-02  0.23810957E-02 -0.18441460E-02 -0.13233018E-02
  0.34458615E-02  0.24705391E-02 -0.19150170E-02 -0.13730105E-02
  0.35779188E-02  0.25627754E-02 -0.19884071E-02 -0.14242715E-02
  0.37146855E-02  0.26578755E-02 -0.20644143E-02 -0.14771240E-02
  0.38563473E-02  0.27559111E-02 -0.21431420E-02 -0.15316080E-02
  0.40030995E-02  0.28569557E-02 -0.22246987E-02 -0.15877643E-02
  0.41551480E-02  0.29610839E-02 -0.23091988E-02 -0.16456344E-02
  0.43127096E-02  0.30683717E-02 -0.23967628E-02 -0.17052604E-02
  0.44760131E-02  0.31788965E-02 -0.24875178E-02 -0.17666855E-02
  0.46452999E-02  0.32927370E-02 -0.25815980E-02 -0.18299533E-02
  0.48208248E-02  0.34099733E-02 -0.26791450E-02 -0.18951084E-02
  0.50028568E-02  0.35306867E-02 -0.27803084E-02 -0.19621960E-02
  0.51916805E-02  0.36549601E-02 -0.28852462E-02 -0.20312620E-02
  0.53875967E-02  0.37828773E-02 -0.29941256E-02 -0.21023533E-02
  0.55909237E-02  0.39145237E-02 -0.31071236E-02 -0.21755171E-02
  0.58019982E-02  0.40499860E-02 -0.32244273E-02 -0.22508016E-02
  0.60211770E-02  0.41893518E-02 -0.33462349E-02 -0.23282557E-02
  0.62488379E-02  0.43327104E-02 -0.34727564E-02 -0.24079288E-02
  0.64853812E-02  0.44801518E-02 -0.36042143E-02 -0.24898711E-02
  0.67312313E-02  0.46317675E-02 -0.37408444E-02 -0.25741333E-02
  0.69868383E-02  0.47876499E-02 -0.38828970E-02 -0.26607668E-02
  0.72526795E-02  0.49478925E-02 -0.40306372E-02 -0.27498237E-02
  0.75292612E-02  0.51125897E-02 -0.41843465E-02 -0.28413564E-02
  0.78171207E-02  0.52818370E-02 -0.43443235E-02 -0.29354179E-02
  0.81168283E-02  0.54557306E-02 -0.45108850E-02 -0.30320617E-02
  0.84289892E-02  0.56343675E-02 -0.46843674E-02 -0.31313419E-02
  0.87542457E-02  0.58178453E-02 -0.48651279E-02 -0.32333125E-02
  0.90932799E-02  0.60062624E-02 -0.50535453E-02 -0.33380284E-02
  0.94468157E-02  0.61997175E-02 -0.52500220E-02 -0.34455443E-02
  0.98156216E-02  0.63983098E-02 -0.54549852E-02 -0.35559155E-02
  0.10200513E-01  0.66021386E-02 -0.56688882E-02 -0.36691970E-02
  0.10602357E-01  0.68113033E-02 -0.58922122E-02 -0.37854444E-02
  0.11022071E-01  0.70259036E-02 -0.61254680E-02 -0.39047128E-02
  0.11460631E-01  0.72460386E-02 -0.63691974E-02 -0.40270574E-02
  0.11919072E-01  0.74718073E-02 -0.66239754E-02 -0.41525333E-02
  0.12398489E-01  0.77033081E-02 -0.68904119E-02 -0.42811952E-02
  0.12900048E-01  0.79406386E-02 -0.71691536E-02 -0.44130974E-02
  0.13424982E-01  0.81838957E-02 -0.74608860E-02 -0.45482936E-02
  0.13974598E-01  0.84331749E-02 -0.77663359E-02 -0.46868371E-02
  0.14550282E-01  0.86885704E-02 -0.80862732E-02 -0.48287803E-02
  0.15153501E-01  0.89501748E-02 -0.84215133E-02 -0.49741746E-02
  0.15785808E-01  0.92180788E-02 -0.87729197E-02 -0.51230704E-02
  0.16448847E-01  0.94923708E-02 -0.91414060E-02 -0.52755171E-02
  0.17144358E-01  0.97731369E-02 -0.95279391E-02 -0.54315624E-02
  0.17874181E-01  0.10060460E-01 -0.99335413E-02 -0.55912525E-02
  0.18640259E-01  0.10354421E-01 -0.10359293E-01 -0.57546321E-02
  0.19444647E-01  0.10655095E-01 -0.10806337E-01 -0.59217437E-02
  0.20289514E-01  0.10962555E-01 -0.11275877E-01 -0.60926277E-02
  0.21177151E-01  0.11276870E-01 -0.11769188E-01 -0.62673222E-02
  0.22109974E-01  0.11598103E-01 -0.12287612E-01 -0.64458625E-02
  0.23090530E-01  0.11926313E-01 -0.12832565E-01 -0.66282812E-02
  0.24121506E-01  0.12261552E-01 -0.13405540E-01 -0.68146078E-02
  0.25205730E-01  0.12603867E-01 -0.14008109E-01 -0.70048681E-02
  0.26346182E-01  0.12953298E-01 -0.14641929E-01 -0.71990846E-02
  0.27545998E-01  0.13309877E-01 -0.15308742E-01 -0.73972757E-02
  0.28808474E-01  0.13673631E-01 -0.16010381E-01 -0.75994552E-02
  0.30137079E-01  0.14044574E-01 -0.16748773E-01 -0.78056327E-02
  0.31535456E-01  0.14422715E-01 -0.17525944E-01 -0.80158126E-02
  0.33007430E-01  0.14808053E-01 -0.18344019E-01 -0.82299939E-02
  0.34557017E-01  0.15200574E-01 -0.19205232E-01 -0.84481701E-02
  0.36188431E-01  0.15600256E-01 -0.20111924E-01 -0.86703284E-02
  0.37906088E-01  0.16007064E-01 -0.21066549E-01 -0.88964497E-02
  0.39714617E-01  0.16420950E-01 -0.22071682E-01 -0.91265079E-02
  0.41618866E-01  0.16841854E-01 -0.23130017E-01 -0.93604694E-02
  0.43623909E-01  0.17269700E-01 -0.24244375E-01 -0.95982932E-02
  0.45735053E-01  0.17704400E-01 -0.25417705E-01 -0.98399297E-02
  0.47957849E-01  0.18145849E-01 -0.26653093E-01 -0.10085321E-01
  0.50298094E-01  0.18593923E-01 -0.27953763E-01 -0.10334399E-01
  0.52761843E-01  0.19048484E-01 -0.29323080E-01 -0.10587087E-01
  0.55355415E-01  0.19509375E-01 -0.30764558E-01 -0.10843298E-01
  0.58085398E-01  0.19976417E-01 -0.32281858E-01 -0.11102934E-01
  0.60958661E-01  0.20449413E-01 -0.33878800E-01 -0.11365885E-01
  0.63982355E-01  0.20928145E-01 -0.35559359E-01 -0.11632030E-01
  0.67163923E-01  0.21412372E-01 -0.37327676E-01 -0.11901236E-01
  0.70511108E-01  0.21901829E-01 -0.39188052E-01 -0.12173357E-01
  0.74031954E-01  0.22396227E-01 -0.41144963E-01 -0.12448233E-01
  0.77734814E-01  0.22895252E-01 -0.43203053E-01 -0.12725690E-01
  0.81628357E-01  0.23398565E-01 -0.45367142E-01 -0.13005539E-01
  0.85721568E-01  0.23905797E-01 -0.47642227E-01 -0.13287578E-01
  0.90023753E-01  0.24416553E-01 -0.50033484E-01 -0.13571586E-01
  0.94544545E-01  0.24930407E-01 -0.52546269E-01 -0.13857330E-01
  0.99293899E-01  0.25446905E-01 -0.55186121E-01 -0.14144555E-01
  0.10428210      0.25965558E-01 -0.57958760E-01 -0.14432994E-01
  0.10951976      0.26485850E-01 -0.60870088E-01 -0.14722359E-01
  0.11501781      0.27007227E-01 -0.63926187E-01 -0.15012344E-01
  0.12078751      0.27529104E-01 -0.67133321E-01 -0.15302626E-01
  0.12684042      0.28050862E-01 -0.70497928E-01 -0.15592861E-01
  0.13318844      0.28571844E-01 -0.74026621E-01 -0.15882687E-01
  0.13984375      0.29091359E-01 -0.77726181E-01 -0.16171720E-01
  0.14681883      0.29608681E-01 -0.81603553E-01 -0.16459559E-01
  0.15412642      0.30123043E-01 -0.85665838E-01 -0.16745781E-01
  0.16177956      0.30633645E-01 -0.89920284E-01 -0.17029941E-01
  0.16979150      0.31139647E-01 -0.94374279E-01 -0.17311575E-01
  0.17817576      0.31640172E-01 -0.99035340E-01 -0.17590199E-01
  0.18694601      0.32134307E-01 -0.10391110     -0.17865307E-01
  0.19611614      0.32621099E-01 -0.10900928     -0.18136372E-01
  0.20570017      0.33099561E-01 -0.11433771     -0.18402849E-01
  0.21571224      0.33568667E-01 -0.11990425     -0.18664170E-01
  0.22616657      0.34027357E-01 -0.12571685     -0.18919750E-01
  0.23707741      0.34474537E-01 -0.13178345     -0.19168983E-01
  0.24845899      0.34909079E-01 -0.13811200     -0.19411246E-01
  0.26032552      0.35329821E-01 -0.14471042     -0.19645899E-01
  0.27269105      0.35735575E-01 -0.15158657     -0.19872283E-01
  0.28556951      0.36125121E-01 -0.15874822     -0.20089725E-01
  0.29897454      0.36497214E-01 -0.16620301     -0.20297537E-01
  0.31291953      0.36850586E-01 -0.17395844     -0.20495021E-01
  0.32741746      0.37183946E-01 -0.18202178     -0.20681463E-01
  0.34248087      0.37495989E-01 -0.19040005     -0.20856143E-01
  0.35812174      0.37785391E-01 -0.19910000     -0.21018332E-01
  0.37435144      0.38050821E-01 -0.20812802     -0.21167293E-01
  0.39118061      0.38290938E-01 -0.21749011     -0.21302290E-01
  0.40861906      0.38504400E-01 -0.22719181     -0.21422582E-01
  0.42667565      0.38689866E-01 -0.23723816     -0.21527431E-01
  0.44535822      0.38846002E-01 -0.24763362     -0.21616102E-01
  0.46467342      0.38971487E-01 -0.25838204     -0.21687868E-01
  0.48462663      0.39065015E-01 -0.26948652     -0.21742011E-01
  0.50522181      0.39125306E-01 -0.28094942     -0.21777828E-01
  0.52646137      0.39151107E-01 -0.29277225     -0.21794630E-01
  0.54834604      0.39141201E-01 -0.30495560     -0.21791749E-01
  0.57087471      0.39094417E-01 -0.31749905     -0.21768543E-01
  0.59404432      0.39009630E-01 -0.33040112     -0.21724396E-01
  0.61784968      0.38885776E-01 -0.34365916     -0.21658725E-01
  0.64228335      0.38721854E-01 -0.35726929     -0.21570985E-01
  0.66733547      0.38516940E-01 -0.37122632     -0.21460670E-01
  0.69299362      0.38270190E-01 -0.38552365     -0.21327321E-01
  0.71924268      0.37980852E-01 -0.40015321     -0.21170531E-01
  0.74606466      0.37648276E-01 -0.41510537     -0.20989949E-01
  0.77343860      0.37271920E-01 -0.43036887     -0.20785282E-01
  0.80134040      0.36851358E-01 -0.44593075     -0.20556305E-01
  0.82974272      0.36386292E-01 -0.46177627     -0.20302862E-01
  0.85861484      0.35876559E-01 -0.47788885     -0.20024873E-01
  0.88792254      0.35322137E-01 -0.49425003     -0.19722335E-01
  0.91762805      0.34723154E-01 -0.51083939     -0.19395330E-01
  0.94768992      0.34079892E-01 -0.52763453     -0.19044023E-01
  0.97806297      0.33392795E-01 -0.54461100     -0.18668671E-01
   1.0086982      0.32662473E-01 -0.56174232     -0.18269621E-01
   1.0395429      0.31889704E-01 -0.57899994     -0.17847314E-01
   1.0705403      0.31075439E-01 -0.59635319     -0.17402287E-01
   1.1016300      0.30220802E-01 -0.61376939     -0.16935172E-01
   1.1327477      0.29327094E-01 -0.63121374     -0.16446696E-01
   1.1638254      0.28395787E-01 -0.64864947     -0.15937686E-01
   1.1947912      0.27428529E-01 -0.66603779     -0.15409060E-01
   1.2255700      0.26427140E-01 -0.68333801     -0.14861833E-01
   1.2560829      0.25393608E-01 -0.70050759     -0.14297113E-01
   1.2862479      0.24330085E-01 -0.71750223     -0.13716097E-01
   1.3159798      0.23238887E-01 -0.73427599     -0.13120071E-01
   1.3451905      0.22122484E-01 -0.75078141     -0.12510406E-01
   1.3737895      0.20983496E-01 -0.76696967     -0.11888553E-01
   1.4016837      0.19824686E-01 -0.78279073     -0.11256044E-01
   1.4287782      0.18648956E-01 -0.79819354     -0.10614483E-01
   1.4549765      0.17459334E-01 -0.81312623     -0.99655438E-02
   1.4801807      0.16258966E-01 -0.82753638     -0.93109633E-02
   1.5042924      0.15051109E-01 -0.84137119     -0.86525375E-02
   1.5272129      0.13839116E-01 -0.85457785     -0.79921142E-02
   1.5488435      0.12626425E-01 -0.86710376     -0.73315859E-02
   1.5690867      0.11416544E-01 -0.87889686     -0.66728817E-02
   1.5878464      0.10213035E-01 -0.88990599     -0.60179585E-02
   1.6050282      0.90194968E-02 -0.90008121     -0.53687909E-02
   1.6205410      0.78395415E-02 -0.90937419     -0.47273598E-02
   1.6342967      0.66767758E-02 -0.91773854     -0.40956398E-02
   1.6462114      0.55347744E-02 -0.92513024     -0.34755862E-02
   1.6562062      0.44170534E-02 -0.93150799     -0.28691196E-02
   1.6642074      0.33270426E-02 -0.93683358     -0.22781109E-02
   1.6701478      0.22680564E-02 -0.94107229     -0.17043649E-02
   1.6739667      0.12432646E-02 -0.94419320     -0.11496045E-02
   1.6756110      0.25566427E-03 -0.94616957     -0.61545549E-03
   1.6750357     -0.69194604E-03 -0.94697908     -0.10343173E-03
   1.6722040     -0.15969890E-02 -0.94660418      0.38507674E-03
   1.6670883     -0.24571267E-02 -0.94503226      0.84881378E-03
   1.6596703     -0.32702744E-02 -0.94225594      0.12866644E-02
   1.6499415     -0.40346097E-02 -0.93827321      0.16976593E-02
   1.6379035     -0.47485769E-02 -0.93308761      0.20809774E-02
   1.6235681     -0.54108902E-02 -0.92670836      0.24359465E-02
   1.6069577     -0.60205347E-02 -0.91915048      0.27620436E-02
   1.5881054     -0.65767686E-02 -0.91043484      0.30588953E-02
   1.5670550     -0.70791266E-02 -0.90058825      0.33262794E-02
   1.5438612     -0.75274248E-02 -0.88964338      0.35641272E-02
   1.5185893     -0.79217680E-02 -0.87763878      0.37725265E-02
   1.4913151     -0.82625561E-02 -0.86461871      0.39517253E-02
   1.4621244     -0.85504906E-02 -0.85063295      0.41021352E-02
   1.4311129     -0.87865774E-02 -0.83573655      0.42243325E-02
   1.3983851     -0.89721268E-02 -0.81998946      0.43190587E-02
   1.3640538     -0.91087472E-02 -0.80345614      0.43872165E-02
   1.3282390     -0.91983340E-02 -0.78620502      0.44298649E-02
   1.2910673     -0.92430519E-02 -0.76830797      0.44482086E-02
   1.2526703     -0.92453116E-02 -0.74983965      0.44435866E-02
   1.2131837     -0.92077411E-02 -0.73087689      0.44174560E-02
   1.1727457     -0.91331527E-02 -0.71149794      0.43713743E-02
   1.1314964     -0.90245053E-02 -0.69178181      0.43069796E-02
   1.0895756     -0.88848661E-02 -0.67180753      0.42259694E-02
   1.0471225     -0.87173697E-02 -0.65165347      0.41300785E-02
   1.0042738     -0.85251776E-02 -0.63139665      0.40210571E-02
  0.96116285     -0.83114389E-02 -0.61111211      0.39006494E-02
  0.91791862     -0.80792531E-02 -0.59087233      0.37705733E-02
  0.87466478     -0.78316361E-02 -0.57074670      0.36325016E-02
  0.83151886     -0.75714895E-02 -0.55080107      0.34880455E-02
  0.78859159     -0.73015748E-02 -0.53109732      0.33387399E-02
  0.74598637     -0.70244914E-02 -0.51169304      0.31860317E-02
  0.70379883     -0.67426606E-02 -0.49264131      0.30312701E-02
  0.66211656     -0.64583127E-02 -0.47399047      0.28756998E-02
  0.62101893     -0.61734802E-02 -0.45578401      0.27204569E-02
  0.58057703     -0.58899943E-02 -0.43806052      0.25665665E-02
  0.54085369     -0.56094859E-02 -0.42085362      0.24149428E-02
  0.50190362     -0.53333894E-02 -0.40419209      0.22663912E-02
  0.46377356     -0.50629496E-02 -0.38809984      0.21216116E-02
  0.42650255     -0.47992312E-02 -0.37259610      0.19812037E-02
  0.39012220     -0.45431299E-02 -0.35769548      0.18456722E-02
  0.35465701     -0.42953842E-02 -0.34340818      0.17154346E-02
  0.32012470     -0.40565888E-02 -0.32974008      0.15908272E-02
  0.28653652     -0.38272080E-02 -0.31669293      0.14721136E-02
  0.25389765     -0.36075885E-02 -0.30426453      0.13594922E-02
  0.22220746     -0.33979726E-02 -0.29244879      0.12531034E-02
  0.19145988     -0.31985104E-02 -0.28123596      0.11530377E-02
  0.16164369     -0.30092710E-02 -0.27061266      0.10593422E-02
  0.13274282     -0.28302529E-02 -0.26056201      0.97202791E-03
  0.10473658     -0.26613938E-02 -0.25106369      0.89107595E-03
  0.77599979E-01 -0.25025782E-02 -0.24209393      0.81644335E-03
  0.51303943E-01 -0.23536454E-02 -0.23362559      0.74806862E-03
  0.25815547E-01 -0.22143956E-02 -0.22562805      0.68587671E-03
  0.10982578E-02 -0.20845957E-02 -0.21806718      0.62978362E-03
 -0.22887841E-01 -0.19639839E-02 -0.21090519      0.57970047E-03
 -0.46185827E-01 -0.18522743E-02 -0.20410052      0.53553738E-03
 -0.68841705E-01 -0.17491604E-02 -0.19760760      0.49720694E-03
 -0.90904186E-01 -0.16543186E-02 -0.19137661      0.46462744E-03
 -0.11242445     -0.15674111E-02 -0.18535314      0.43772594E-03
 -0.13345589     -0.14880886E-02 -0.17947785      0.41644118E-03
 -0.15405390     -0.14159920E-02 -0.17368597      0.40072635E-03
 -0.17427558     -0.13507543E-02 -0.16790681      0.39055178E-03
 -0.19417946     -0.12920013E-02 -0.16206311      0.38590756E-03
 -0.21382516     -0.12393521E-02 -0.15607036      0.38680594E-03
 -0.23327309     -0.11924178E-02 -0.14983593      0.39328353E-03
 -0.25258392     -0.11508003E-02 -0.14325818      0.40540321E-03
 -0.27181814     -0.11140891E-02 -0.13622538      0.42325544E-03
 -0.29103535     -0.10818579E-02 -0.12861453      0.44695896E-03
 -0.31029349     -0.10536588E-02 -0.12029009      0.47666042E-03
 -0.32964780     -0.10290163E-02 -0.11110255      0.51253271E-03
 -0.34914956     -0.10074190E-02 -0.10088699      0.55477148E-03
 -0.36884449     -0.98831090E-03 -0.89461561E-01  0.60358933E-03
 -0.38877075     -0.97108016E-03 -0.76625942E-01  0.65920686E-03
 -0.40895643     -0.95504701E-03 -0.62160013E-01  0.72183987E-03
 -0.42941688     -0.93944905E-03 -0.45822686E-01  0.79168141E-03
 -0.45015024     -0.92343112E-03 -0.27351199E-01  0.86887760E-03
 -0.47113359     -0.90602460E-03 -0.64610739E-02  0.95349550E-03
POT:
  345    1     0.03000     2.83154
 2.381420936D+02 2.388743299D+02 2.396469653D+02 2.401013901D+02 2.404271123D+02
 2.406861624D+02 2.409007030D+02 2.410849513D+02 2.412470867D+02 2.413924085D+02
 2.415245338D+02 2.416460399D+02 2.417588277D+02 2.418643400D+02 2.419636976D+02
 2.420577889D+02 2.421473302D+02 2.422329075D+02 2.423150066D+02 2.423940348D+02
 2.424703371D+02 2.425442087D+02 2.426159038D+02 2.426856435D+02 2.427536211D+02
 2.428200069D+02 2.428849516D+02 2.429485895D+02 2.430110411D+02 2.430724145D+02
 2.431328076D+02 2.431923092D+02 2.432510003D+02 2.433089552D+02 2.433662420D+02
 2.434229235D+02 2.434790581D+02 2.435346996D+02 2.435898985D+02 2.436447018D+02
 2.436991538D+02 2.437532959D+02 2.438071673D+02 2.438608050D+02 2.439142442D+02
 2.439675183D+02 2.440206591D+02 2.440736971D+02 2.441266614D+02 2.441795799D+02
 2.442324797D+02 2.442853867D+02 2.443383260D+02 2.443913218D+02 2.444443977D+02
 2.444975765D+02 2.445508805D+02 2.446043314D+02 2.446579504D+02 2.447117579D+02
 2.447657743D+02 2.448200192D+02 2.448745121D+02 2.449292720D+02 2.449843173D+02
 2.450396665D+02 2.450953374D+02 2.451513477D+02 2.452077146D+02 2.452644551D+02
 2.453215860D+02 2.453791235D+02 2.454370837D+02 2.454954824D+02 2.455543348D+02
 2.456136561D+02 2.456734609D+02 2.457337635D+02 2.457945778D+02 2.458559172D+02
 2.459177948D+02 2.459802231D+02 2.460432141D+02 2.461067793D+02 2.461709296D+02
 2.462356751D+02 2.463010255D+02 2.463669897D+02 2.464335755D+02 2.465007903D+02
 2.465686403D+02 2.466371309D+02 2.467062664D+02 2.467760499D+02 2.468464833D+02
 2.469175674D+02 2.469893015D+02 2.470616833D+02 2.471347092D+02 2.472083736D+02
 2.472826693D+02 2.473575872D+02 2.474331159D+02 2.475092423D+02 2.475859504D+02
 2.476632221D+02 2.477410365D+02 2.478193701D+02 2.478981962D+02 2.479774850D+02
 2.480572036D+02 2.481373153D+02 2.482177797D+02 2.482985526D+02 2.483795855D+02
 2.484608255D+02 2.485422151D+02 2.486236920D+02 2.487051886D+02 2.487866318D+02
 2.488679432D+02 2.489490379D+02 2.490298252D+02 2.491102075D+02 2.491900804D+02
 2.492693323D+02 2.493478442D+02 2.494254890D+02 2.495021316D+02 2.495776282D+02
 2.496518263D+02 2.497245638D+02 2.497956694D+02 2.498649616D+02 2.499322485D+02
 2.499973278D+02 2.500599860D+02 2.501199981D+02 2.501771276D+02 2.502311257D+02
 2.502817315D+02 2.503286711D+02 2.503716578D+02 2.504103916D+02 2.504445588D+02
 2.504738322D+02 2.504978704D+02 2.505163180D+02 2.505288053D+02 2.505349482D+02
 2.505343483D+02 2.505265926D+02 2.505112539D+02 2.504878906D+02 2.504560471D+02
 2.504152541D+02 2.503650285D+02 2.503048742D+02 2.502342824D+02 2.501527324D+02
 2.500596916D+02 2.499546173D+02 2.498369564D+02 2.497061473D+02 2.495616205D+02
 2.494027997D+02 2.492291036D+02 2.490399466D+02 2.488347409D+02 2.486128981D+02
 2.483738306D+02 2.481169537D+02 2.478416877D+02 2.475474597D+02 2.472337061D+02
 2.468998746D+02 2.465454267D+02 2.461698399D+02 2.457726106D+02 2.453532559D+02
 2.449113168D+02 2.444463600D+02 2.439579808D+02 2.434458052D+02 2.429094922D+02
 2.423487357D+02 2.417632669D+02 2.411528554D+02 2.405173112D+02 2.398564850D+02
 2.391702701D+02 2.384586018D+02 2.377214578D+02 2.369588574D+02 2.361708608D+02
 2.353575670D+02 2.345191119D+02 2.336556651D+02 2.327674267D+02 2.318546229D+02
 2.309175016D+02 2.299563264D+02 2.289713712D+02 2.279629139D+02 2.269312292D+02
 2.258765824D+02 2.247992224D+02 2.236993749D+02 2.225772369D+02 2.214329717D+02
 2.202667048D+02 2.190785222D+02 2.178684707D+02 2.166365599D+02 2.153827680D+02
 2.141070500D+02 2.128093489D+02 2.114896098D+02 2.101477966D+02 2.087839092D+02
 2.073980025D+02 2.059902030D+02 2.045607239D+02 2.031098758D+02 2.016380717D+02
 2.001458263D+02 1.986337483D+02 1.971025255D+02 1.955529052D+02 1.939856696D+02
 1.924016094D+02 1.908014964D+02 1.891860585D+02 1.875559581D+02 1.859117756D+02
 1.842539981D+02 1.825830157D+02 1.808991232D+02 1.792025280D+02 1.774933631D+02
 1.757717044D+02 1.740375911D+02 1.722910479D+02 1.705321087D+02 1.687608393D+02
 1.669773598D+02 1.651818646D+02 1.633746395D+02 1.615560755D+02 1.597266786D+02
 1.578870751D+02 1.560380120D+02 1.541803523D+02 1.523150659D+02 1.504432146D+02
 1.485659334D+02 1.466844071D+02 1.447998433D+02 1.429134427D+02 1.410263689D+02
 1.391397168D+02 1.372544841D+02 1.353715463D+02 1.334916386D+02 1.316153466D+02
 1.297431090D+02 1.278752341D+02 1.260119296D+02 1.241533468D+02 1.222996327D+02
 1.204509851D+02 1.186077026D+02 1.167702179D+02 1.149391095D+02 1.131150865D+02
 1.112989486D+02 1.094915282D+02 1.076936240D+02 1.059059386D+02 1.041290273D+02
 1.023632656D+02 1.006088361D+02 9.886573523D+01 9.713379435D+01 9.541271322D+01
 9.370209973D+01 9.200151266D+01 9.031050391D+01 8.862865773D+01 8.695562521D+01
 8.529115289D+01 8.363510487D+01 8.198747828D+01 8.034841225D+01 7.871819076D+01
 7.709723994D+01 7.548612044D+01 7.388551573D+01 7.229621708D+01 7.071910599D+01
 6.915513491D+01 6.760530706D+01 6.607065584D+01 6.455222472D+01 6.305104795D+01
 6.156813259D+01 6.010444236D+01 5.866088340D+01 5.723829224D+01 5.583742612D+01
 5.445895566D+01 5.310345988D+01 5.177142357D+01 5.046323676D+01 4.917919637D+01
 4.791950959D+01 4.668429903D+01 4.547360923D+01 4.428741428D+01 4.312562627D+01
 4.198810403D+01 4.087466193D+01 3.978507808D+01 3.871910163D+01 3.767645869D+01
 3.665685666D+01 3.565998674D+01 3.468552493D+01 3.373313157D+01 3.280244990D+01
 3.189310418D+01 3.100469781D+01 3.013681176D+01 2.928900364D+01 2.846080763D+01
 2.765173508D+01 2.686127584D+01 2.608890015D+01 2.533406097D+01 2.459619655D+01
 2.387473316D+01 2.316908792D+01 2.247867161D+01 2.180289194D+01 2.114115639D+01

PPAR:  Ga    VES=  0.005984
 L       ENU        C       +/-DEL   1/SQRT(P)     GAMMA      ALPHA
 0 -0.6284415 -0.7204420 -0.1267682  2.6584338  0.4226204  0.4226204
 1 -0.3420883  0.1624116  0.1320911  3.9476955  0.1169585  0.1169585
 2 -0.2526042  2.6846829 -0.4235625  2.0609363  0.1301277  0.1301277
