GENERAL: LMX=2  NSPIN=1   WSR= 2.831544  REL=T  NR=331  A=.030
   Z=25  QC=18  QTOT= 0.176050

 ETOT  =  -2313.9044110  EKIN =    2340.5219492  UTOT =  -4654.4169513
 EMAD  =     -0.0094088  SUMEC=   -1358.1247181  SUMEV=     -1.6467690
 RHOV  =  -3700.2934363  UNUCL=   -5542.5283379  UELEC=    989.2164752
 RHOEPS=   -101.1050886  REPSNL=      0.0000000  RHOMU=   -133.5069442
 RMUNL =      0.0000000

MOMNTS:  Mn1   VRMAX= -0.750297
 L      PL         Q0         Q1         Q2   IDMOD     DL
 0  4.6510900  0.6223355 -0.0144613  0.0149816  0  -0.5138464
 1  4.3932228  0.8035175 -0.0126907  0.0170402  0   0.3486263
 2  3.7696774  5.7501968  0.0312545  0.0681500  0  -1.1319627
COR:
  331    1     0.03000    5
 0.000000000D+00 3.388929043D-06 1.364348338D-05 3.120097050D-05 5.660558514D-05
 9.045080413D-05 1.334053102D-04 1.861805699D-04 2.495437589D-04 3.243172812D-04
 4.113814202D-04 5.116773401D-04 6.262104172D-04 7.560538933D-04 9.023528291D-04
 1.066328350D-03 1.249282183D-03 1.452601499D-03 1.677764049D-03 1.926343639D-03
 2.200015924D-03 2.500564562D-03 2.829887732D-03 3.190005043D-03 3.583064848D-03
 4.011351987D-03 4.477295989D-03 4.983479744D-03 5.532648682D-03 6.127720483D-03
 6.771795340D-03 7.468166825D-03 8.220333356D-03 9.032010338D-03 9.907142982D-03
 1.084991985D-02 1.186478716D-02 1.295646393D-02 1.412995791D-02 1.539058246D-02
 1.674397430D-02 1.819611237D-02 1.975333755D-02 2.142237362D-02 2.321034932D-02
 2.512482153D-02 2.717379986D-02 2.936577241D-02 3.170973305D-02 3.421521007D-02
 3.689229637D-02 3.975168127D-02 4.280468399D-02 4.606328885D-02 4.954018234D-02
 5.324879206D-02 5.720332770D-02 6.141882408D-02 6.591118637D-02 7.069723757D-02
 7.579476839D-02 8.122258956D-02 8.700058668D-02 9.314977778D-02 9.969237359D-02
 1.066518407D-01 1.140529678D-01 1.219219345D-01 1.302863844D-01 1.391754998D-01
 1.486200818D-01 1.586526318D-01 1.693074382D-01 1.806206663D-01 1.926304511D-01
 2.053769955D-01 2.189026712D-01 2.332521240D-01 2.484723834D-01 2.646129757D-01
 2.817260422D-01 2.998664607D-01 3.190919716D-01 3.394633080D-01 3.610443302D-01
 3.839021642D-01 4.081073444D-01 4.337339593D-01 4.608598027D-01 4.895665268D-01
 5.199397998D-01 5.520694661D-01 5.860497098D-01 6.219792199D-01 6.599613589D-01
 7.001043312D-01 7.425213543D-01 7.873308296D-01 8.346565124D-01 8.846276824D-01
 9.373793105D-01 9.930522241D-01 1.051793267D+00 1.113755457D+00 1.179098131D+00
 1.247987089D+00 1.320594726D+00 1.397100149D+00 1.477689285D+00 1.562554972D+00
 1.651897032D+00 1.745922324D+00 1.844844777D+00 1.948885388D+00 2.058272207D+00
 2.173240271D+00 2.294031519D+00 2.420894657D+00 2.554084984D+00 2.693864169D+00
 2.840499976D+00 2.994265933D+00 3.155440937D+00 3.324308793D+00 3.501157683D+00
 3.686279551D+00 3.879969410D+00 4.082524553D+00 4.294243678D+00 4.515425895D+00
 4.746369641D+00 4.987371471D+00 5.238724725D+00 5.500718078D+00 5.773633949D+00
 6.057746771D+00 6.353321123D+00 6.660609707D+00 6.979851172D+00 7.311267788D+00
 7.655062951D+00 8.011418535D+00 8.380492077D+00 8.762413806D+00 9.157283511D+00
 9.565167259D+00 9.986093962D+00 1.042005181D+01 1.086698457D+01 1.132678780D+01
 1.179930491D+01 1.228432320D+01 1.278156984D+01 1.329070783D+01 1.381133191D+01
 1.434296460D+01 1.488505228D+01 1.543696143D+01 1.599797502D+01 1.656728914D+01
 1.714400999D+01 1.772715117D+01 1.831563144D+01 1.890827300D+01 1.950380030D+01
 2.010083968D+01 2.069791960D+01 2.129347182D+01 2.188583356D+01 2.247325066D+01
 2.305388185D+01 2.362580434D+01 2.418702067D+01 2.473546696D+01 2.526902269D+01
 2.578552197D+01 2.628276650D+01 2.675854007D+01 2.721062480D+01 2.763681905D+01
 2.803495695D+01 2.840292957D+01 2.873870760D+01 2.904036545D+01 2.930610665D+01
 2.953429031D+01 2.972345847D+01 2.987236410D+01 2.997999926D+01 3.004562338D+01
 3.006879096D+01 3.004937837D+01 2.998760938D+01 2.988407867D+01 2.973977293D+01
 2.955608892D+01 2.933484791D+01 2.907830582D+01 2.878915859D+01 2.847054198D+01
 2.812602541D+01 2.775959925D+01 2.737565499D+01 2.697895806D+01 2.657461283D+01
 2.616801970D+01 2.576482411D+01 2.537085764D+01 2.499207137D+01 2.463446183D+01
 2.430399026D+01 2.400649587D+01 2.374760408D+01 2.353263084D+01 2.336648455D+01
 2.325356690D+01 2.319767453D+01 2.320190317D+01 2.326855642D+01 2.339906105D+01
 2.359389101D+01 2.385250232D+01 2.417328081D+01 2.455350475D+01 2.498932429D+01
 2.547575930D+01 2.600671704D+01 2.657503084D+01 2.717252046D+01 2.779007459D+01
 2.841775534D+01 2.904492425D+01 2.966038858D+01 3.025256661D+01 3.080966948D+01
 3.131989730D+01 3.177164614D+01 3.215372257D+01 3.245556155D+01 3.266744357D+01
 3.278070631D+01 3.278794606D+01 3.268320405D+01 3.246213286D+01 3.212213818D+01
 3.166249149D+01 3.108440950D+01 3.039109682D+01 2.958774932D+01 2.868151503D+01
 2.768141231D+01 2.659820452D+01 2.544423187D+01 2.423320263D+01 2.297994656D+01
 2.170013497D+01 2.040997288D+01 1.912586991D+01 1.786409743D+01 1.664044054D+01
 1.546985384D+01 1.436613053D+01 1.334159429D+01 1.240682319D+01 1.157041415D+01
 1.083879554D+01 1.021609411D+01 9.704060784D+00 9.302058148D+00 9.007110298D+00
 8.814013916D+00 8.715507355D+00 8.702492791D+00 8.764304751D+00 8.889016907D+00
 9.063777750D+00 9.275164776D+00 9.509546176D+00 9.753438746D+00 9.993850865D+00
 1.021859999D+01 1.041659517D+01 1.057807644D+01 1.069480491D+01 1.076019911D+01
 1.076941538D+01 1.071937383D+01 1.060872888D+01 1.043779171D+01 1.020840888D+01
 9.923804179D+00 9.588391735D+00 9.207568638D+00 8.787495554D+00 8.334873415D+00
 7.856723766D+00 7.360179460D+00 6.852291408D+00 6.339855940D+00 5.829266173D+00
 5.326389565D+00 4.836472767D+00 4.364073817D+00 3.913020813D+00 3.486395439D+00
 3.086539078D+00 2.715078776D+00 2.372969972D+00 2.060552724D+00 1.777618102D+00
 1.523481461D+00 1.297059464D+00 1.096947983D+00 9.214982974D-01 7.688894179D-01
 6.371947432D-01 5.244417041D-01 4.286634849D-01 3.479423266D-01 2.804443080D-01
 2.244458400D-01 1.783523936D-01 1.407101958D-01 1.102117804D-01 8.569635734D-02
 6.614599161D-02 5.067855210D-02 3.853832958D-02 2.908512424D-02 2.178247471D-02
 1.618567650D-02
SUMEC
 0.000000000D+00
EC
-4.709302097D+02-5.410205182D+01-5.833319914D+00-4.583402015D+01-3.564899762D+00
PHI:
  331    1    2     0.03000     0.00014
        G1              G2              GP1              GP2
     SPIN 1  L=0
   11.075618      -1.0188326       3.0580834     -0.28130938    
   10.944753      -1.0067945       3.0219504     -0.27798555    
   10.867763     -0.99971228       3.0006926     -0.27603007    
   10.812304     -0.99464051       2.9853801     -0.27462977    
   10.767707     -0.99060691       2.9730662     -0.27351620    
   10.730701     -0.98724399       2.9628486     -0.27258775    
   10.698802     -0.98434920       2.9540409     -0.27178856    
   10.670629     -0.98179476       2.9462622     -0.27108334    
   10.645286     -0.97949970       2.9392646     -0.27044972    
   10.622158     -0.97740825       2.9328788     -0.26987233    
   10.600809     -0.97548062       2.9269839     -0.26934017    
   10.580915     -0.97368736       2.9214910     -0.26884511    
   10.562231     -0.97200611       2.9163321     -0.26838098    
   10.544567     -0.97041943       2.9114548     -0.26794296    
   10.527771     -0.96891352       2.9068172     -0.26752725    
   10.511721     -0.96747721       2.9023856     -0.26713076    
   10.496316     -0.96610135       2.8981323     -0.26675096    
   10.481475     -0.96477836       2.8940344     -0.26638575    
   10.467126     -0.96350185       2.8900726     -0.26603339    
   10.453211     -0.96226642       2.8862304     -0.26569237    
   10.439679     -0.96106742       2.8824939     -0.26536141    
   10.426485     -0.95990085       2.8788509     -0.26503941    
   10.413591     -0.95876322       2.8752906     -0.26472540    
   10.400963     -0.95765147       2.8718039     -0.26441854    
   10.388571     -0.95656290       2.8683825     -0.26411808    
   10.376390     -0.95549509       2.8650190     -0.26382336    
   10.364394     -0.95444591       2.8617068     -0.26353379    
   10.352563     -0.95341342       2.8584400     -0.26324882    
   10.340876     -0.95239587       2.8552131     -0.26296799    
   10.329317     -0.95139167       2.8520214     -0.26269084    
   10.317868     -0.95039938       2.8488602     -0.26241699    
   10.306515     -0.94941766       2.8457254     -0.26214606    
   10.295243     -0.94844528       2.8426132     -0.26187771    
   10.284041     -0.94748112       2.8395199     -0.26161164    
   10.272895     -0.94652411       2.8364424     -0.26134754    
   10.261794     -0.94557326       2.8333773     -0.26108515    
   10.250728     -0.94462766       2.8303219     -0.26082421    
   10.239687     -0.94368644       2.8272732     -0.26056449    
   10.228661     -0.94274876       2.8242287     -0.26030575    
   10.217640     -0.94181386       2.8211857     -0.26004778    
   10.206617     -0.94088099       2.8181419     -0.25979037    
   10.195582     -0.93994944       2.8150950     -0.25953334    
   10.184528     -0.93901852       2.8120426     -0.25927648    
   10.173446     -0.93808760       2.8089827     -0.25901963    
   10.162328     -0.93715602       2.8059130     -0.25876260    
   10.151169     -0.93622319       2.8028316     -0.25850524    
   10.139959     -0.93528851       2.7997364     -0.25824736    
   10.128692     -0.93435139       2.7966254     -0.25798882    
   10.117362     -0.93341128       2.7934968     -0.25772946    
   10.105960     -0.93246762       2.7903485     -0.25746913    
   10.094480     -0.93151986       2.7871787     -0.25720767    
   10.082916     -0.93056747       2.7839855     -0.25694494    
   10.071260     -0.92960992       2.7807670     -0.25668079    
   10.059506     -0.92864668       2.7775215     -0.25641507    
   10.047647     -0.92767723       2.7742469     -0.25614765    
   10.035676     -0.92670105       2.7709416     -0.25587838    
   10.023587     -0.92571764       2.7676036     -0.25560712    
   10.011374     -0.92472646       2.7642311     -0.25533372    
   9.9990280     -0.92372701       2.7608221     -0.25505805    
   9.9865438     -0.92271878       2.7573749     -0.25477996    
   9.9739141     -0.92170124       2.7538875     -0.25449930    
   9.9611321     -0.92067387       2.7503581     -0.25421594    
   9.9481908     -0.91963615       2.7467846     -0.25392974    
   9.9350830     -0.91858755       2.7431652     -0.25364053    
   9.9218016     -0.91752754       2.7394979     -0.25334819    
   9.9083394     -0.91645558       2.7357806     -0.25305256    
   9.8946891     -0.91537112       2.7320113     -0.25275348    
   9.8808431     -0.91427362       2.7281880     -0.25245082    
   9.8667940     -0.91316252       2.7243086     -0.25214440    
   9.8525339     -0.91203725       2.7203710     -0.25183409    
   9.8380550     -0.91089723       2.7163729     -0.25151972    
   9.8233494     -0.90974188       2.7123123     -0.25120112    
   9.8084090     -0.90857061       2.7081867     -0.25087814    
   9.7932254     -0.90738282       2.7039941     -0.25055061    
   9.7777903     -0.90617789       2.6997319     -0.25021836    
   9.7620950     -0.90495519       2.6953979     -0.24988121    
   9.7461308     -0.90371408       2.6909896     -0.24953900    
   9.7298887     -0.90245393       2.6865046     -0.24919153    
   9.7133595     -0.90117406       2.6819403     -0.24883864    
   9.6965340     -0.89987380       2.6772942     -0.24848013    
   9.6794026     -0.89855246       2.6725636     -0.24811582    
   9.6619556     -0.89720934       2.6677458     -0.24774550    
   9.6441830     -0.89584372       2.6628381     -0.24736899    
   9.6260747     -0.89445487       2.6578377     -0.24698608    
   9.6076204     -0.89304203       2.6527417     -0.24659656    
   9.5888093     -0.89160444       2.6475472     -0.24620022    
   9.5696307     -0.89014133       2.6422512     -0.24579685    
   9.5500736     -0.88865189       2.6368506     -0.24538623    
   9.5301264     -0.88713530       2.6313423     -0.24496813    
   9.5097778     -0.88559074       2.6257232     -0.24454232    
   9.4890159     -0.88401734       2.6199899     -0.24410857    
   9.4678286     -0.88241425       2.6141391     -0.24366663    
   9.4462035     -0.88078056       2.6081674     -0.24321627    
   9.4241280     -0.87911537       2.6020713     -0.24275722    
   9.4015893     -0.87741775       2.5958473     -0.24228924    
   9.3785741     -0.87568674       2.5894916     -0.24181207    
   9.3550689     -0.87392138       2.5830006     -0.24132542    
   9.3310601     -0.87212067       2.5763706     -0.24082904    
   9.3065335     -0.87028360       2.5695975     -0.24032264    
   9.2814748     -0.86840913       2.5626774     -0.23980593    
   9.2558694     -0.86649620       2.5556063     -0.23927862    
   9.2297023     -0.86454373       2.5483801     -0.23874042    
   9.2029582     -0.86255061       2.5409945     -0.23819102    
   9.1756215     -0.86051571       2.5334453     -0.23763011    
   9.1476763     -0.85843789       2.5257279     -0.23705736    
   9.1191064     -0.85631596       2.5178380     -0.23647246    
   9.0898954     -0.85414873       2.5097710     -0.23587508    
   9.0600262     -0.85193497       2.5015222     -0.23526487    
   9.0294817     -0.84967343       2.4930869     -0.23464150    
   8.9982444     -0.84736283       2.4844602     -0.23400460    
   8.9662965     -0.84500188       2.4756372     -0.23335383    
   8.9336198     -0.84258925       2.4666129     -0.23268881    
   8.9001958     -0.84012360       2.4573821     -0.23200918    
   8.8660057     -0.83760354       2.4479397     -0.23131455    
   8.8310304     -0.83502767       2.4382804     -0.23060454    
   8.7952504     -0.83239458       2.4283988     -0.22987876    
   8.7586460     -0.82970280       2.4182895     -0.22913680    
   8.7211971     -0.82695088       2.4079469     -0.22837826    
   8.6828833     -0.82413729       2.3973653     -0.22760272    
   8.6436840     -0.82126053       2.3865391     -0.22680977    
   8.6035782     -0.81831905       2.3754624     -0.22599897    
   8.5625446     -0.81531126       2.3641295     -0.22516990    
   8.5205617     -0.81223559       2.3525343     -0.22432211    
   8.4776078     -0.80909040       2.3406708     -0.22345515    
   8.4336608     -0.80587407       2.3285329     -0.22256858    
   8.3886985     -0.80258492       2.3161145     -0.22166193    
   8.3426983     -0.79922130       2.3034093     -0.22073474    
   8.2956376     -0.79578148       2.2904111     -0.21978655    
   8.2474934     -0.79226376       2.2771135     -0.21881687    
   8.1982428     -0.78866639       2.2635103     -0.21782523    
   8.1478625     -0.78498764       2.2495948     -0.21681115    
   8.0963293     -0.78122573       2.2353608     -0.21577413    
   8.0436195     -0.77737889       2.2208017     -0.21471369    
   7.9897099     -0.77344532       2.2059110     -0.21362933    
   7.9345768     -0.76942323       2.1906822     -0.21252055    
   7.8781967     -0.76531081       2.1751088     -0.21138685    
   7.8205461     -0.76110625       2.1591843     -0.21022774    
   7.7616014     -0.75680773       2.1429022     -0.20904271    
   7.7013394     -0.75241345       2.1262560     -0.20783126    
   7.6397367     -0.74792158       2.1092393     -0.20659289    
   7.5767704     -0.74333032       2.0918457     -0.20532709    
   7.5124176     -0.73863786       2.0740688     -0.20403337    
   7.4466558     -0.73384242       2.0559026     -0.20271123    
   7.3794628     -0.72894221       2.0373407     -0.20136019    
   7.3108167     -0.72393549       2.0183772     -0.19997974    
   7.2406963     -0.71882052       1.9990062     -0.19856942    
   7.1690807     -0.71359558       1.9792218     -0.19712875    
   7.0959496     -0.70825899       1.9590184     -0.19565726    
   7.0212834     -0.70280911       1.9383907     -0.19415449    
   6.9450632     -0.69724434       1.9173334     -0.19262001    
   6.8672710     -0.69156311       1.8958415     -0.19105337    
   6.7878896     -0.68576391       1.8739102     -0.18945415    
   6.7069028     -0.67984528       1.8515349     -0.18782196    
   6.6242954     -0.67380582       1.8287116     -0.18615640    
   6.5400535     -0.66764421       1.8054364     -0.18445709    
   6.4541643     -0.66135920       1.7817055     -0.18272370    
   6.3666165     -0.65494959       1.7575161     -0.18095589    
   6.2774002     -0.64841432       1.7328651     -0.17915336    
   6.1865070     -0.64175236       1.7077505     -0.17731583    
   6.0939303     -0.63496284       1.6821702     -0.17544303    
   5.9996654     -0.62804496       1.6561229     -0.17353477    
   5.9037093     -0.62099805       1.6296078     -0.17159083    
   5.8060613     -0.61382156       1.6026247     -0.16961107    
   5.7067226     -0.60651507       1.5751740     -0.16759536    
   5.6056972     -0.59907831       1.5472565     -0.16554363    
   5.5029910     -0.59151115       1.5188741     -0.16345582    
   5.3986129     -0.58381361       1.4900290     -0.16133195    
   5.2925746     -0.57598589       1.4607245     -0.15917205    
   5.1848904     -0.56802837       1.4309646     -0.15697623    
   5.0755778     -0.55994158       1.4007540     -0.15474463    
   4.9646576     -0.55172629       1.3700985     -0.15247745    
   4.8521538     -0.54338344       1.3390047     -0.15017494    
   4.7380941     -0.53491419       1.3074802     -0.14783741    
   4.6225097     -0.52631992       1.2755336     -0.14546524    
   4.5054357     -0.51760224       1.2431746     -0.14305887    
   4.3869112     -0.50876300       1.2104140     -0.14061879    
   4.2669795     -0.49980430       1.1772638     -0.13814557    
   4.1456881     -0.49072848       1.1437370     -0.13563986    
   4.0230889     -0.48153817       1.1098480     -0.13310237    
   3.8992385     -0.47223626       1.0756124     -0.13053388    
   3.7741982     -0.46282592       1.0410472     -0.12793527    
   3.6480342     -0.45331061       1.0061707     -0.12530747    
   3.5208177     -0.44369408      0.97100261     -0.12265152    
   3.3926249     -0.43398040      0.93556394     -0.11996853    
   3.2635375     -0.42417393      0.89987731     -0.11725969    
   3.1336423     -0.41427937      0.86396676     -0.11452628    
   3.0030316     -0.40430171      0.82785785     -0.11176968    
   2.8718034     -0.39424627      0.79157768     -0.10899134    
   2.7400610     -0.38411873      0.75515489     -0.10619283    
   2.6079136     -0.37392506      0.71861971     -0.10337578    
   2.4754760     -0.36367159      0.68200393     -0.10054192    
   2.3428684     -0.35336498      0.64534092     -0.97693097E-01
   2.2102171     -0.34301221      0.60866564     -0.94831218E-01
   2.0776537     -0.33262060      0.57201462     -0.91958300E-01
   1.9453157     -0.32219781      0.53542595     -0.89076449E-01
   1.8133457     -0.31175183      0.49893926     -0.86187861E-01
   1.6818921     -0.30129095      0.46259567     -0.83294822E-01
   1.5511083     -0.29082379      0.42643778     -0.80399706E-01
   1.4211529     -0.28035928      0.39050962     -0.77504972E-01
   1.2921892     -0.26990665      0.35485656     -0.74613163E-01
   1.1643852     -0.25947539      0.31952530     -0.71726902E-01
   1.0379134     -0.24907530      0.28456372     -0.68848889E-01
  0.91295005     -0.23871641      0.25002088     -0.65981894E-01
  0.78967525     -0.22840901      0.21594683     -0.63128757E-01
  0.66827229     -0.21816358      0.18239257     -0.60292378E-01
  0.54892727     -0.20799082      0.14940990     -0.57475715E-01
  0.43182860     -0.19790161      0.11705126     -0.54681775E-01
  0.31716651     -0.18790695      0.85369652E-01 -0.51913606E-01
  0.20513242     -0.17801797      0.54418397E-01 -0.49174292E-01
  0.95918319E-01 -0.16824590      0.24251022E-01 -0.46466942E-01
 -0.10283846E-01 -0.15860200     -0.50789495E-02 -0.43794682E-01
 -0.11328294     -0.14909756     -0.33518186E-01 -0.41160644E-01
 -0.21288935     -0.13974384     -0.61013759E-01 -0.38567958E-01
 -0.30891582     -0.13055204     -0.87513365E-01 -0.36019740E-01
 -0.40117823     -0.12153329     -0.11296555     -0.33519080E-01
 -0.48949651     -0.11269852     -0.13731997     -0.31069030E-01
 -0.57369550     -0.10405852     -0.16052762     -0.28672596E-01
 -0.65360593     -0.95623839E-01 -0.18254110     -0.26332720E-01
 -0.72906535     -0.87404735E-01 -0.20331489     -0.24052274E-01
 -0.79991912     -0.79411158E-01 -0.22280563     -0.21834042E-01
 -0.86602140     -0.71652689E-01 -0.24097240     -0.19680710E-01
 -0.92723621     -0.64138498E-01 -0.25777699     -0.17594853E-01
 -0.98343842     -0.56877293E-01 -0.27318421     -0.15578922E-01
  -1.0345148     -0.49877281E-01 -0.28716217     -0.13635233E-01
  -1.0803650     -0.43146118E-01 -0.29968257     -0.11765951E-01
  -1.1209026     -0.36690865E-01 -0.31072101     -0.99730787E-02
  -1.1560562     -0.30517942E-01 -0.32025722     -0.82584463E-02
  -1.1857700     -0.24633086E-01 -0.32827539     -0.66236962E-02
  -1.2100054     -0.19041309E-01 -0.33476438     -0.50702722E-02
  -1.2287410     -0.13746857E-01 -0.33971804     -0.35994083E-02
  -1.2419743     -0.87531696E-02 -0.34313536     -0.22121179E-02
  -1.2497216     -0.40628502E-02 -0.34502074     -0.90918343E-03
  -1.2520193      0.32236960E-03 -0.34538419      0.30885220E-03
  -1.2489242      0.44016552E-02 -0.34424144      0.14416938E-02
  -1.2405137      0.81750919E-02 -0.34161413      0.24893005E-02
  -1.2268868      0.11643702E-01 -0.33752991      0.34518905E-02
  -1.2081635      0.14809454E-01 -0.33202248      0.43299453E-02
  -1.1844857      0.17675273E-01 -0.32513167      0.51242112E-02
  -1.1560165      0.20245033E-01 -0.31690344      0.58356994E-02
  -1.1229403      0.22523551E-01 -0.30738980      0.64656848E-02
  -1.0854627      0.24516576E-01 -0.29664878      0.70157018E-02
  -1.0438094      0.26230761E-01 -0.28474427      0.74875398E-02
 -0.99822606      0.27673640E-01 -0.27174587      0.78832355E-02
 -0.94897745      0.28853591E-01 -0.25772869      0.82050643E-02
 -0.89634625      0.29779800E-01 -0.24277307      0.84555298E-02
 -0.84063213      0.30462209E-01 -0.22696431      0.86373520E-02
 -0.78215042      0.30911470E-01 -0.21039229      0.87534536E-02
 -0.72123068      0.31138887E-01 -0.19315113      0.88069455E-02
 -0.65821518      0.31156360E-01 -0.17533870      0.88011112E-02
 -0.59345711      0.30976317E-01 -0.15705620      0.87393897E-02
 -0.52731879      0.30611654E-01 -0.13840761      0.86253580E-02
 -0.46016968      0.30075662E-01 -0.11949916      0.84627126E-02
 -0.39238426      0.29381957E-01 -0.10043871      0.82552502E-02
 -0.32433981      0.28544409E-01 -0.81335153E-01  0.80068483E-02
 -0.25641415      0.27577066E-01 -0.62297744E-01  0.77214444E-02
 -0.18898319      0.26494077E-01 -0.43435419E-01  0.74030153E-02
 -0.12241853      0.25309616E-01 -0.24856092E-01  0.70555560E-02
 -0.57084911E-01  0.24037804E-01 -0.66659291E-02  0.66830573E-02
  0.66622677E-02  0.22692627E-01  0.11031385E-01  0.62894840E-02
  0.68479485E-01  0.21287856E-01  0.28135385E-01  0.58787521E-02
  0.12803757      0.19836969E-01  0.44549553E-01  0.54547062E-02
  0.18502413      0.18353068E-01  0.60182044E-01  0.50210963E-02
  0.23914587      0.16848801E-01  0.74946378E-01  0.45815558E-02
  0.29013075      0.15336287E-01  0.88762109E-01  0.41395796E-02
  0.33773007      0.13827045E-01  0.10155545      0.36985033E-02
  0.38172029      0.12331929E-01  0.11325984      0.32614845E-02
  0.42190466      0.10861071E-01  0.12381650      0.28314860E-02
  0.45811465      0.94238331E-02  0.13317486      0.24112615E-02
  0.49021111      0.80287738E-02  0.14129296      0.20033439E-02
  0.51808520      0.66836164E-02  0.14813785      0.16100369E-02
  0.54165913      0.53952334E-02  0.15368577      0.12334082E-02
  0.56088653      0.41696353E-02  0.15792243      0.87528482E-03
  0.57575266      0.30119669E-02  0.16084306      0.53725096E-03
  0.58627429      0.19265077E-02  0.16245255      0.22064588E-03
  0.59249932      0.91667787E-03  0.16276533     -0.73436142E-04
  0.59450608     -0.14952435E-04  0.16180528     -0.34414484E-03
  0.59240234     -0.86664774E-03  0.15960554     -0.59087157E-03
  0.58632398     -0.16374866E-02  0.15620815     -0.81324504E-03
  0.57643335     -0.23273339E-02  0.15166369     -0.10111251E-02
  0.56291734     -0.29368061E-02  0.14603074     -0.11845941E-02
  0.54598520     -0.34672281E-02  0.13937533     -0.13339461E-02
  0.52586601     -0.39205835E-02  0.13177027     -0.14596735E-02
  0.50280609     -0.42994563E-02  0.12329442     -0.15624513E-02
  0.47706610     -0.46069676E-02  0.11403191     -0.16431197E-02
  0.44891811     -0.48467060E-02  0.10407131     -0.17026648E-02
  0.41864261     -0.50226553E-02  0.93504779E-01 -0.17421978E-02
  0.38652545     -0.51391190E-02  0.82427230E-01 -0.17629341E-02
  0.35285485     -0.52006450E-02  0.70935446E-01 -0.17661710E-02
  0.31791853     -0.52119513E-02  0.59127259E-01 -0.17532668E-02
  0.28200090     -0.51778537E-02  0.47100740E-01 -0.17256198E-02
  0.24538050     -0.51031983E-02  0.34953434E-01 -0.16846478E-02
  0.20832757     -0.49927983E-02  0.22781651E-01 -0.16317706E-02
  0.17110193     -0.48513777E-02  0.10679811E-01 -0.15683923E-02
  0.13395096     -0.46835207E-02 -0.12601460E-02 -0.14958868E-02
  0.97108043E-01 -0.44936290E-02 -0.12949280E-01 -0.14155843E-02
  0.60791060E-01 -0.42858860E-02 -0.24302103E-01 -0.13287606E-02
  0.25201293E-01 -0.40642280E-02 -0.35236958E-01 -0.12366279E-02
 -0.94774944E-02 -0.38323224E-02 -0.45676331E-01 -0.11403274E-02
 -0.43079704E-01 -0.35935526E-02 -0.55547098E-01 -0.10409241E-02
 -0.75458330E-01 -0.33510081E-02 -0.64780697E-01 -0.93940276E-03
 -0.10648516     -0.31074805E-02 -0.73313246E-01 -0.83666561E-03
 -0.13605077     -0.28654633E-02 -0.81085596E-01 -0.73353102E-03
 -0.16406437     -0.26271564E-02 -0.88043323E-01 -0.63073335E-03
 -0.19045339     -0.23944731E-02 -0.94136667E-01 -0.52892360E-03
 -0.21516301     -0.21690496E-02 -0.99320412E-01 -0.42867077E-03
 -0.23815549     -0.19522574E-02 -0.10355371     -0.33046386E-03
 -0.25940935     -0.17452157E-02 -0.10679988     -0.23471423E-03
 -0.27891846     -0.15488067E-02 -0.10902606     -0.14175857E-03
 -0.29669101     -0.13636902E-02 -0.11020298     -0.51862120E-04
 -0.31274840     -0.11903201E-02 -0.11030449      0.34777607E-04
 -0.32712397     -0.10289604E-02 -0.10930719      0.11802671E-03
 -0.33986173     -0.87970209E-03 -0.10718995      0.19781033E-03
 -0.35101501     -0.74248034E-03 -0.10393342      0.27410764E-03
 -0.36064503     -0.61709165E-03 -0.99519531E-01  0.34694630E-03
 -0.36881950     -0.50321109E-03 -0.93930917E-01  0.41639653E-03
 -0.37561113     -0.40040945E-03 -0.87150432E-01  0.48256471E-03
 -0.38109624     -0.30816993E-03 -0.79160611E-01  0.54558669E-03
 -0.38535335     -0.22590410E-03 -0.69943188E-01  0.60562077E-03
 -0.38846175     -0.15296675E-03 -0.59478653E-01  0.66284043E-03
 -0.39050022     -0.88669474E-04 -0.47745879E-01  0.71742687E-03
 -0.39154570     -0.32292578E-04 -0.34721838E-01  0.76956113E-03
 -0.39167203      0.16904781E-04 -0.20381423E-01  0.81941582E-03
 -0.39094872      0.59676197E-04 -0.46974368E-02  0.86714612E-03
 -0.38943971      0.96781322E-04  0.12359233E-01  0.91287967E-03
 -0.38720213      0.12898068E-03  0.30819181E-01  0.95670518E-03
 -0.38428504      0.15703168E-03  0.50713714E-01  0.99865920E-03
 -0.38072816      0.18168557E-03  0.72073658E-01  0.10387106E-02
 -0.37656062      0.20368658E-03  0.94927618E-01  0.10767424E-02
 -0.37179929      0.22376437E-03  0.11929954      0.11125309E-02
 -0.36644769      0.24263624E-03  0.14520541      0.11457211E-02
     SPIN 1  L=1
  0.10983553E-01  0.56000614E-02  0.14500758E-02  0.73933393E-03
  0.18202335E-01  0.93412109E-02  0.24031172E-02  0.12332497E-02
  0.24502542E-01  0.12658415E-01  0.32348861E-02  0.16711951E-02
  0.30336515E-01  0.15655339E-01  0.40051022E-02  0.20668552E-02
  0.35898772E-01  0.18380763E-01  0.47394467E-02  0.24266693E-02
  0.41176541E-01  0.21081239E-01  0.54362320E-02  0.27831906E-02
  0.46271894E-01  0.23696382E-01  0.61089342E-02  0.31284456E-02
  0.51218177E-01  0.26253402E-01  0.67619560E-02  0.34660268E-02
  0.56044532E-01  0.28760797E-01  0.73991448E-02  0.37970563E-02
  0.60771088E-01  0.31227293E-01  0.80231578E-02  0.41226857E-02
  0.65413014E-01  0.33659645E-01  0.86359981E-02  0.44438071E-02
  0.69981957E-01  0.36063307E-01  0.92392031E-02  0.47611404E-02
  0.74487051E-01  0.38442677E-01  0.98339787E-02  0.50752663E-02
  0.78935568E-01  0.40801334E-01  0.10421285E-01  0.53866572E-02
  0.83333363E-01  0.43142203E-01  0.11001895E-01  0.56956993E-02
  0.87685188E-01  0.45467688E-01  0.11576436E-01  0.60027102E-02
  0.91994917E-01  0.47779772E-01  0.12145420E-01  0.63079513E-02
  0.96265722E-01  0.50080090E-01  0.12709265E-01  0.66116387E-02
  0.10050020      0.52369988E-01  0.13268314E-01  0.69139500E-02
  0.10470046      0.54650571E-01  0.13822846E-01  0.72150312E-02
  0.10886824      0.56922738E-01  0.14373089E-01  0.75150009E-02
  0.11300492      0.59187212E-01  0.14919227E-01  0.78139545E-02
  0.11711160      0.61444566E-01  0.15461406E-01  0.81119676E-02
  0.12118917      0.63695236E-01  0.15999739E-01  0.84090981E-02
  0.12523827      0.65939548E-01  0.16534315E-01  0.87053884E-02
  0.12925939      0.68177719E-01  0.17065198E-01  0.90008678E-02
  0.13325287      0.70409880E-01  0.17592431E-01  0.92955532E-02
  0.13721891      0.72636077E-01  0.18116042E-01  0.95894509E-02
  0.14115760      0.74856286E-01  0.18636043E-01  0.98825574E-02
  0.14506895      0.77070414E-01  0.19152434E-01  0.10174861E-01
  0.14895287      0.79278311E-01  0.19665203E-01  0.10466341E-01
  0.15280921      0.81479773E-01  0.20174331E-01  0.10756971E-01
  0.15663775      0.83674545E-01  0.20679791E-01  0.11046718E-01
  0.16043826      0.85862330E-01  0.21181548E-01  0.11335541E-01
  0.16421043      0.88042788E-01  0.21679565E-01  0.11623397E-01
  0.16795394      0.90215544E-01  0.22173799E-01  0.11910236E-01
  0.17166847      0.92380189E-01  0.22664205E-01  0.12196003E-01
  0.17535364      0.94536281E-01  0.23150737E-01  0.12480641E-01
  0.17900911      0.96683355E-01  0.23633348E-01  0.12764087E-01
  0.18263452      0.98820916E-01  0.24111989E-01  0.13046277E-01
  0.18622951      0.10094845      0.24586615E-01  0.13327143E-01
  0.18979374      0.10306542      0.25057180E-01  0.13606613E-01
  0.19332689      0.10517127      0.25523642E-01  0.13884616E-01
  0.19682865      0.10726543      0.25985960E-01  0.14161074E-01
  0.20029877      0.10934732      0.26444100E-01  0.14435912E-01
  0.20373698      0.11141634      0.26898028E-01  0.14709050E-01
  0.20714309      0.11347188      0.27347719E-01  0.14980408E-01
  0.21051693      0.11551332      0.27793149E-01  0.15249905E-01
  0.21385839      0.11754005      0.28234304E-01  0.15517459E-01
  0.21716739      0.11955144      0.28671173E-01  0.15782986E-01
  0.22044391      0.12154684      0.29103755E-01  0.16046403E-01
  0.22368799      0.12352563      0.29532054E-01  0.16307626E-01
  0.22689972      0.12548717      0.29956083E-01  0.16566570E-01
  0.23007928      0.12743081      0.30375863E-01  0.16823153E-01
  0.23322687      0.12935593      0.30791424E-01  0.17077289E-01
  0.23634280      0.13126190      0.31202805E-01  0.17328896E-01
  0.23942744      0.13314807      0.31610054E-01  0.17577890E-01
  0.24248122      0.13501384      0.32013229E-01  0.17824188E-01
  0.24550466      0.13685857      0.32412399E-01  0.18067710E-01
  0.24849837      0.13868166      0.32807644E-01  0.18308373E-01
  0.25146304      0.14048250      0.33199054E-01  0.18546099E-01
  0.25439942      0.14226050      0.33586731E-01  0.18780808E-01
  0.25730839      0.14401506      0.33970787E-01  0.19012423E-01
  0.26019089      0.14574562      0.34351350E-01  0.19240869E-01
  0.26304797      0.14745160      0.34728556E-01  0.19466069E-01
  0.26588077      0.14913244      0.35102556E-01  0.19687951E-01
  0.26869053      0.15078762      0.35473515E-01  0.19906443E-01
  0.27147859      0.15241659      0.35841609E-01  0.20121475E-01
  0.27424641      0.15401884      0.36207029E-01  0.20332978E-01
  0.27699552      0.15559385      0.36569980E-01  0.20540886E-01
  0.27972760      0.15714115      0.36930682E-01  0.20745134E-01
  0.28244441      0.15866025      0.37289369E-01  0.20945658E-01
  0.28514785      0.16015068      0.37646289E-01  0.21142397E-01
  0.28783991      0.16161199      0.38001708E-01  0.21335291E-01
  0.29052272      0.16304375      0.38355904E-01  0.21524284E-01
  0.29319852      0.16444553      0.38709175E-01  0.21709318E-01
  0.29586968      0.16581693      0.39061833E-01  0.21890340E-01
  0.29853870      0.16715754      0.39414207E-01  0.22067297E-01
  0.30120818      0.16846699      0.39766643E-01  0.22240140E-01
  0.30388090      0.16974491      0.40119505E-01  0.22408819E-01
  0.30655973      0.17099094      0.40473174E-01  0.22573287E-01
  0.30924770      0.17220475      0.40828049E-01  0.22733500E-01
  0.31194797      0.17338599      0.41184547E-01  0.22889414E-01
  0.31466384      0.17453436      0.41543105E-01  0.23040987E-01
  0.31739876      0.17564955      0.41904177E-01  0.23188179E-01
  0.32015632      0.17673126      0.42268238E-01  0.23330950E-01
  0.32294026      0.17777922      0.42635780E-01  0.23469265E-01
  0.32575447      0.17879316      0.43007317E-01  0.23603086E-01
  0.32860298      0.17977280      0.43383383E-01  0.23732379E-01
  0.33148999      0.18071791      0.43764530E-01  0.23857111E-01
  0.33441983      0.18162823      0.44151332E-01  0.23977250E-01
  0.33739701      0.18250353      0.44544382E-01  0.24092764E-01
  0.34042619      0.18334359      0.44944295E-01  0.24203625E-01
  0.34351216      0.18414818      0.45351706E-01  0.24309803E-01
  0.34665989      0.18491711      0.45767270E-01  0.24411269E-01
  0.34987452      0.18565014      0.46191663E-01  0.24507997E-01
  0.35316130      0.18634710      0.46625582E-01  0.24599959E-01
  0.35652568      0.18700778      0.47069744E-01  0.24687131E-01
  0.35997322      0.18763199      0.47524884E-01  0.24769486E-01
  0.36350967      0.18821954      0.47991760E-01  0.24846999E-01
  0.36714091      0.18877025      0.48471147E-01  0.24919647E-01
  0.37087295      0.18928393      0.48963842E-01  0.24987404E-01
  0.37471195      0.18976041      0.49470656E-01  0.25050248E-01
  0.37866423      0.19019950      0.49992423E-01  0.25108152E-01
  0.38273621      0.19060102      0.50529990E-01  0.25161095E-01
  0.38693445      0.19096479      0.51084224E-01  0.25209052E-01
  0.39126563      0.19129063      0.51656005E-01  0.25251998E-01
  0.39573653      0.19157837      0.52246231E-01  0.25289911E-01
  0.40035406      0.19182781      0.52855812E-01  0.25322764E-01
  0.40512521      0.19203877      0.53485671E-01  0.25350535E-01
  0.41005708      0.19221106      0.54136743E-01  0.25373197E-01
  0.41515682      0.19234449      0.54809976E-01  0.25390725E-01
  0.42043169      0.19243886      0.55506323E-01  0.25403092E-01
  0.42588897      0.19249398      0.56226750E-01  0.25410273E-01
  0.43153604      0.19250964      0.56972227E-01  0.25412240E-01
  0.43738030      0.19248562      0.57743731E-01  0.25408965E-01
  0.44342916      0.19242172      0.58542242E-01  0.25400419E-01
  0.44969009      0.19231771      0.59368743E-01  0.25386573E-01
  0.45617053      0.19217337      0.60224219E-01  0.25367397E-01
  0.46287796      0.19198846      0.61109654E-01  0.25342859E-01
  0.46981982      0.19176275      0.62026030E-01  0.25312929E-01
  0.47700351      0.19149599      0.62974325E-01  0.25277573E-01
  0.48443643      0.19118793      0.63955512E-01  0.25236757E-01
  0.49212589      0.19083832      0.64970558E-01  0.25190448E-01
  0.50007916      0.19044688      0.66020422E-01  0.25138609E-01
  0.50830344      0.19001334      0.67106052E-01  0.25081206E-01
  0.51680583      0.18953743      0.68228384E-01  0.25018199E-01
  0.52559333      0.18901887      0.69388342E-01  0.24949553E-01
  0.53467283      0.18845736      0.70586836E-01  0.24875227E-01
  0.54405111      0.18785261      0.71824756E-01  0.24795182E-01
  0.55373480      0.18720432      0.73102977E-01  0.24709379E-01
  0.56373037      0.18651218      0.74422353E-01  0.24617775E-01
  0.57404414      0.18577587      0.75783716E-01  0.24520329E-01
  0.58468227      0.18499509      0.77187876E-01  0.24416999E-01
  0.59565070      0.18416952      0.78635617E-01  0.24307742E-01
  0.60695518      0.18329882      0.80127695E-01  0.24192514E-01
  0.61860125      0.18238268      0.81664838E-01  0.24071273E-01
  0.63059422      0.18142077      0.83247745E-01  0.23943973E-01
  0.64293914      0.18041277      0.84877079E-01  0.23810572E-01
  0.65564079      0.17935833      0.86553471E-01  0.23671024E-01
  0.66870371      0.17825715      0.88277512E-01  0.23525286E-01
  0.68213211      0.17710889      0.90049757E-01  0.23373315E-01
  0.69592989      0.17591323      0.91870717E-01  0.23215066E-01
  0.71010063      0.17466985      0.93740859E-01  0.23050497E-01
  0.72464754      0.17337845      0.95660604E-01  0.22879566E-01
  0.73957349      0.17203872      0.97630323E-01  0.22702232E-01
  0.75488091      0.17065037      0.99650333E-01  0.22518455E-01
  0.77057185      0.16921311      0.10172090      0.22328195E-01
  0.78664789      0.16772667      0.10384222      0.22131416E-01
  0.80311017      0.16619079      0.10601444      0.21928082E-01
  0.81995931      0.16460522      0.10823764      0.21718159E-01
  0.83719541      0.16296975      0.11051181      0.21501617E-01
  0.85481803      0.16128415      0.11283690      0.21278427E-01
  0.87282614      0.15954826      0.11521275      0.21048562E-01
  0.89121809      0.15776191      0.11763914      0.20812000E-01
  0.90999159      0.15592497      0.12011576      0.20568722E-01
  0.92914364      0.15403733      0.12264219      0.20318713E-01
  0.94867054      0.15209891      0.12521793      0.20061960E-01
  0.96856782      0.15010968      0.12784239      0.19798457E-01
  0.98883020      0.14806963      0.13051484      0.19528201E-01
   1.0094516      0.14597881      0.13323446      0.19251195E-01
   1.0304249      0.14383728      0.13600032      0.18967448E-01
   1.0517424      0.14164518      0.13881134      0.18676974E-01
   1.0733949      0.13940268      0.14166632      0.18379795E-01
   1.0953727      0.13711000      0.14456394      0.18075936E-01
   1.1176647      0.13476742      0.14750272      0.17765434E-01
   1.1402588      0.13237528      0.15048102      0.17448331E-01
   1.1631417      0.12993398      0.15349707      0.17124677E-01
   1.1862989      0.12744399      0.15654892      0.16794531E-01
   1.2097146      0.12490584      0.15963446      0.16457962E-01
   1.2333718      0.12232013      0.16275139      0.16115046E-01
   1.2572518      0.11968755      0.16589723      0.15765872E-01
   1.2813349      0.11700885      0.16906932      0.15410537E-01
   1.3055997      0.11428489      0.17226479      0.15049151E-01
   1.3300232      0.11151658      0.17548057      0.14681834E-01
   1.3545811      0.10870496      0.17871339      0.14308717E-01
   1.3792471      0.10585112      0.18195973      0.13929946E-01
   1.4039934      0.10295629      0.18521587      0.13545678E-01
   1.4287907      0.10002178      0.18847787      0.13156083E-01
   1.4536076      0.97048986E-01  0.19174152      0.12761346E-01
   1.4784111      0.94039445E-01  0.19500238      0.12361666E-01
   1.5031662      0.90994785E-01  0.19825579      0.11957255E-01
   1.5278362      0.87916749E-01  0.20149680      0.11548343E-01
   1.5523824      0.84807197E-01  0.20472021      0.11135171E-01
   1.5767641      0.81668109E-01  0.20792058      0.10718002E-01
   1.6009388      0.78501584E-01  0.21109219      0.10297108E-01
   1.6248620      0.75309844E-01  0.21422905      0.98727836E-02
   1.6484871      0.72095238E-01  0.21732492      0.94453364E-02
   1.6717657      0.68860238E-01  0.22037328      0.90150922E-02
   1.6946472      0.65607447E-01  0.22336736      0.85823938E-02
   1.7170794      0.62339594E-01  0.22630009      0.81476011E-02
   1.7390078      0.59059538E-01  0.22916418      0.77110915E-02
   1.7603763      0.55770266E-01  0.23195205      0.72732596E-02
   1.7811267      0.52474894E-01  0.23465590      0.68345174E-02
   1.8011992      0.49176663E-01  0.23726765      0.63952939E-02
   1.8205323      0.45878940E-01  0.23977902      0.59560353E-02
   1.8390627      0.42585214E-01  0.24218148      0.55172043E-02
   1.8567257      0.39299093E-01  0.24446629      0.50792798E-02
   1.8734552      0.36024300E-01  0.24662454      0.46427567E-02
   1.8891835      0.32764669E-01  0.24864711      0.42081448E-02
   1.9038422      0.29524138E-01  0.25052474      0.37759688E-02
   1.9173615      0.26306743E-01  0.25224800      0.33467668E-02
   1.9296710      0.23116610E-01  0.25380738      0.29210894E-02
   1.9406997      0.19957947E-01  0.25519326      0.24994993E-02
   1.9503760      0.16835035E-01  0.25639595      0.20825693E-02
   1.9586282      0.13752217E-01  0.25740574      0.16708814E-02
   1.9653847      0.10713886E-01  0.25821293      0.12650252E-02
   1.9705742      0.77244723E-02  0.25880783      0.86559638E-03
   1.9741260      0.47884337E-02  0.25918085      0.47319496E-03
   1.9759703      0.19102371E-02  0.25932251      0.88423471E-04
   1.9760385     -0.90565361E-03  0.25922348     -0.28811489E-03
   1.9742637     -0.36547940E-02  0.25887465     -0.65581834E-03
   1.9705808     -0.63327744E-02  0.25826717     -0.10140885E-02
   1.9649270     -0.89352369E-02  0.25739246     -0.13623326E-02
   1.9572424     -0.11457892E-01  0.25624234     -0.16999656E-02
   1.9474698     -0.13896534E-01  0.25480902     -0.20264126E-02
   1.9355557     -0.16247062E-01  0.25308518     -0.23411109E-02
   1.9214507     -0.18505494E-01  0.25106405     -0.26435123E-02
   1.9051095     -0.20667987E-01  0.24873943     -0.29330859E-02
   1.8864918     -0.22730852E-01  0.24610579     -0.32093200E-02
   1.8655624     -0.24690578E-01  0.24315831     -0.34717249E-02
   1.8422920     -0.26543845E-01  0.23989294     -0.37198351E-02
   1.8166573     -0.28287548E-01  0.23630649     -0.39532127E-02
   1.7886418     -0.29918814E-01  0.23239670     -0.41714489E-02
   1.7582360     -0.31435024E-01  0.22816224     -0.43741680E-02
   1.7254382     -0.32833830E-01  0.22360288     -0.45610291E-02
   1.6902542     -0.34113181E-01  0.21871944     -0.47317297E-02
   1.6526985     -0.35271337E-01  0.21351394     -0.48860079E-02
   1.6127944     -0.36306893E-01  0.20798959     -0.50236455E-02
   1.5705741     -0.37218794E-01  0.20215090     -0.51444705E-02
   1.5260794     -0.38006356E-01  0.19600370     -0.52483594E-02
   1.4793617     -0.38669277E-01  0.18955516     -0.53352396E-02
   1.4304824     -0.39207656E-01  0.18281389     -0.54050915E-02
   1.3795130     -0.39621999E-01  0.17578992     -0.54579497E-02
   1.3265354     -0.39913231E-01  0.16849474     -0.54939051E-02
   1.2716416     -0.40082700E-01  0.16094134     -0.55131054E-02
   1.2149340     -0.40132182E-01  0.15314416     -0.55157558E-02
   1.1565255     -0.40063876E-01  0.14511919     -0.55021192E-02
   1.0965390     -0.39880405E-01  0.13688385     -0.54725163E-02
   1.0351073     -0.39584808E-01  0.12845706     -0.54273245E-02
  0.97237315     -0.39180527E-01  0.11985916     -0.53669774E-02
  0.90848847     -0.38671399E-01  0.11111191     -0.52919630E-02
  0.84361426     -0.38061634E-01  0.10223842     -0.52028223E-02
  0.77792001     -0.37355804E-01  0.93263083E-01 -0.51001468E-02
  0.71158311     -0.36558815E-01  0.84211540E-01 -0.49845768E-02
  0.64478829     -0.35675890E-01  0.75110574E-01 -0.48567978E-02
  0.57772683     -0.34712541E-01  0.65988027E-01 -0.47175386E-02
  0.51059586     -0.33674543E-01  0.56872699E-01 -0.45675674E-02
  0.44359745     -0.32567910E-01  0.47794238E-01 -0.44076891E-02
  0.37693770     -0.31398861E-01  0.38783009E-01 -0.42387414E-02
  0.31082576     -0.30173795E-01  0.29869967E-01 -0.40615915E-02
  0.24547274     -0.28899257E-01  0.21086506E-01 -0.38771320E-02
  0.18109061     -0.27581911E-01  0.12464303E-01 -0.36862775E-02
  0.11789101     -0.26228501E-01  0.40351532E-02 -0.34899599E-02
  0.56083993E-01 -0.24845826E-01 -0.41692105E-02 -0.32891244E-02
 -0.41232370E-02 -0.23440699E-01 -0.12117300E-01 -0.30847253E-02
 -0.62527664E-01 -0.22019913E-01 -0.19778068E-01 -0.28777205E-02
 -0.11893180     -0.20590206E-01 -0.27121106E-01 -0.26690673E-02
 -0.17314506     -0.19158222E-01 -0.34116851E-01 -0.24597167E-02
 -0.22498511     -0.17730470E-01 -0.40736794E-01 -0.22506081E-02
 -0.27427921     -0.16313285E-01 -0.46953682E-01 -0.20426636E-02
 -0.32086553     -0.14912789E-01 -0.52741735E-01 -0.18367819E-02
 -0.36459442     -0.13534844E-01 -0.58076835E-01 -0.16338329E-02
 -0.40532954     -0.12185021E-01 -0.62936730E-01 -0.14346516E-02
 -0.44294895     -0.10868556E-01 -0.67301214E-01 -0.12400329E-02
 -0.47734615     -0.95903207E-02 -0.71152302E-01 -0.10507265E-02
 -0.50843086     -0.83547952E-02 -0.74474389E-01 -0.86743281E-03
 -0.53612982     -0.71660433E-02 -0.77254399E-01 -0.69079929E-03
 -0.56038737     -0.60276989E-02 -0.79481915E-01 -0.52141769E-03
 -0.58116599     -0.49429554E-02 -0.81149303E-01 -0.35982209E-03
 -0.59844664     -0.39145607E-02 -0.82251812E-01 -0.20648731E-03
 -0.61222902     -0.29448153E-02 -0.82787660E-01 -0.61827767E-04
 -0.62253173     -0.20355727E-02 -0.82758113E-01  0.73803569E-04
 -0.62939219     -0.11882400E-02 -0.82167525E-01  0.20011613E-03
 -0.63286648     -0.40378033E-03 -0.81023376E-01  0.31688266E-03
 -0.63302905      0.31728508E-03 -0.79336268E-01  0.42394002E-03
 -0.62997208      0.97487240E-03 -0.77119902E-01  0.52118967E-03
 -0.62380485      0.15693284E-02 -0.74391024E-01  0.60859776E-03
 -0.61465279      0.21014202E-02 -0.71169336E-01  0.68619456E-03
 -0.60265631      0.25723201E-02 -0.67477385E-01  0.75407316E-03
 -0.58796957      0.29835863E-02 -0.63340413E-01  0.81238730E-03
 -0.57075898      0.33371375E-02 -0.58786187E-01  0.86134834E-03
 -0.55120156      0.36352233E-02 -0.53844807E-01  0.90122138E-03
 -0.52948325      0.38803891E-02 -0.48548484E-01  0.93232051E-03
 -0.50579707      0.40754380E-02 -0.42931323E-01  0.95500350E-03
 -0.48034126      0.42233886E-02 -0.37029073E-01  0.96966578E-03
 -0.45331738      0.43274316E-02 -0.30878892E-01  0.97673419E-03
 -0.42492845      0.43908851E-02 -0.24519102E-01  0.97666043E-03
 -0.39537712      0.44171499E-02 -0.17988955E-01  0.96991442E-03
 -0.36486392      0.44096663E-02 -0.11328404E-01  0.95697794E-03
 -0.33358561      0.43718727E-02 -0.45778911E-02  0.93833835E-03
 -0.30173366      0.43071674E-02  0.22218465E-02  0.91448285E-03
 -0.26949288      0.42188742E-02  0.90299548E-02  0.88589314E-03
 -0.23704017      0.41102111E-02  0.15805617E-01  0.85304075E-03
 -0.20454345      0.39842648E-02  0.22508188E-01  0.81638286E-03
 -0.17216077      0.38439690E-02  0.29097298E-01  0.77635887E-03
 -0.14003951      0.36920867E-02  0.35532947E-01  0.73338748E-03
 -0.10831584      0.35311983E-02  0.41775560E-01  0.68786442E-03
 -0.77114218E-01  0.33636919E-02  0.47786031E-01  0.64016071E-03
 -0.46547135E-01  0.31917594E-02  0.53525739E-01  0.59062132E-03
 -0.16714893E-01  0.30173937E-02  0.58956542E-01  0.53956425E-03
  0.12294436E-01  0.28423905E-02  0.64040748E-01  0.48727999E-03
  0.40404962E-01  0.26683513E-02  0.68741064E-01  0.43403108E-03
  0.67552825E-01  0.24966887E-02  0.73020519E-01  0.38005197E-03
  0.93685958E-01  0.23286329E-02  0.76842365E-01  0.32554893E-03
  0.11876375      0.21652397E-02  0.80169941E-01  0.27070005E-03
  0.14275665      0.20073985E-02  0.82966519E-01  0.21565533E-03
  0.16564568      0.18558410E-02  0.85195109E-01  0.16053679E-03
  0.18742184      0.17111508E-02  0.86818233E-01  0.10543872E-03
  0.20808556      0.15737719E-02  0.87797660E-01  0.50427970E-04
  0.22764591      0.14440187E-02  0.88094106E-01 -0.44554609E-05
  0.24611989      0.13220844E-02  0.87666892E-01 -0.59197720E-04
  0.26353160      0.12080510E-02  0.86473564E-01 -0.11381001E-03
  0.27991132      0.11018985E-02  0.84469484E-01 -0.16832717E-03
  0.29529459      0.10035142E-02  0.81607381E-01 -0.22280580E-03
  0.30972124      0.91270229E-03  0.77836884E-01 -0.27732202E-03
  0.32323430      0.82919308E-03  0.73104033E-01 -0.33196868E-03
  0.33587902      0.75265189E-03  0.67350787E-01 -0.38685214E-03
  0.34770171      0.68268745E-03  0.60514530E-01 -0.44208854E-03
  0.35874864      0.61885941E-03  0.52527606E-01 -0.49779944E-03
  0.36906485      0.56068478E-03  0.43316887E-01 -0.55410683E-03
  0.37869293      0.50764304E-03  0.32803413E-01 -0.61112715E-03
  0.38767171      0.45917985E-03  0.20902130E-01 -0.66896417E-03
  0.39603482      0.41470943E-03  0.75217810E-02 -0.72770031E-03
  0.40380922      0.37361548E-03 -0.74349937E-02 -0.78738582E-03
  0.41101341      0.33525110E-03 -0.24071250E-01 -0.84802553E-03
  0.41765554      0.29893769E-03 -0.42494931E-01 -0.90956221E-03
  0.42373152      0.26396195E-03 -0.62817501E-01 -0.97185621E-03
  0.42922207      0.22957897E-03 -0.85151842E-01 -0.10346604E-02
  0.43409053      0.19500660E-03 -0.10960919     -0.10975900E-02
     SPIN 1  L=2
  0.20559630E-06  0.13811143E-06  0.20215464E-06  0.13579946E-06
  0.65229254E-06  0.44107726E-06  0.64137324E-06  0.43369368E-06
  0.12912920E-05  0.87906661E-06  0.12696759E-05  0.86435114E-06
  0.21149340E-05  0.14336522E-05  0.20795303E-05  0.14096529E-05
  0.31204102E-05  0.20962421E-05  0.30681753E-05  0.20611507E-05
  0.42929141E-05  0.28855851E-05  0.42210518E-05  0.28372798E-05
  0.56396628E-05  0.37925206E-05  0.55452565E-05  0.37290329E-05
  0.71615924E-05  0.48204449E-05  0.70417095E-05  0.47397492E-05
  0.88621884E-05  0.59712632E-05  0.87138383E-05  0.58713020E-05
  0.10745346E-04  0.72480402E-05  0.10565473E-04  0.71267049E-05
  0.12815634E-04  0.86542708E-05  0.12601105E-04  0.85093941E-05
  0.15078139E-04  0.10193879E-04  0.14825738E-04  0.10023228E-04
  0.17538418E-04  0.11871146E-04  0.17244833E-04  0.11672416E-04
  0.20202442E-04  0.13690673E-04  0.19864262E-04  0.13461482E-04
  0.23076566E-04  0.15657358E-04  0.22690276E-04  0.15395242E-04
  0.26167501E-04  0.17776376E-04  0.25729471E-04  0.17478785E-04
  0.29482295E-04  0.20053169E-04  0.28988778E-04  0.19717461E-04
  0.33028318E-04  0.22493434E-04  0.32475443E-04  0.22116872E-04
  0.36813250E-04  0.25103121E-04  0.36197019E-04  0.24682869E-04
  0.40845078E-04  0.27888427E-04  0.40161358E-04  0.27421544E-04
  0.45132087E-04  0.30855793E-04  0.44376605E-04  0.30339231E-04
  0.49682854E-04  0.34011902E-04  0.48851197E-04  0.33442501E-04
  0.54506252E-04  0.37363683E-04  0.53593857E-04  0.36738166E-04
  0.59611445E-04  0.40918305E-04  0.58613594E-04  0.40233276E-04
  0.65007889E-04  0.44683181E-04  0.63919708E-04  0.43935120E-04
  0.70705332E-04  0.48665973E-04  0.69521783E-04  0.47851231E-04
  0.76713821E-04  0.52874587E-04  0.75429697E-04  0.51989382E-04
  0.83043695E-04  0.57317180E-04  0.81653618E-04  0.56357594E-04
  0.89705599E-04  0.62002160E-04  0.88204010E-04  0.60964136E-04
  0.96710480E-04  0.66938192E-04  0.95091639E-04  0.65817525E-04
  0.10406959E-03  0.72134199E-04  0.10232757E-03  0.70926535E-04
  0.11179451E-03  0.77599362E-04  0.10992319E-03  0.76300195E-04
  0.11989713E-03  0.83343131E-04  0.11789018E-03  0.81947795E-04
  0.12838966E-03  0.89375222E-04  0.12624056E-03  0.87878890E-04
  0.13728466E-03  0.95705625E-04  0.13498667E-03  0.94103300E-04
  0.14659502E-03  0.10234461E-03  0.14414118E-03  0.10063112E-03
  0.15633397E-03  0.10930271E-03  0.15371712E-03  0.10747272E-03
  0.16651512E-03  0.11659077E-03  0.16372786E-03  0.11463875E-03
  0.17715243E-03  0.12421991E-03  0.17418712E-03  0.12214015E-03
  0.18826024E-03  0.13220154E-03  0.18510901E-03  0.12998814E-03
  0.19985329E-03  0.14054738E-03  0.19650802E-03  0.13819423E-03
  0.21194671E-03  0.14926944E-03  0.20839901E-03  0.14677025E-03
  0.22455602E-03  0.15838007E-03  0.22079727E-03  0.15572833E-03
  0.23769722E-03  0.16789190E-03  0.23371851E-03  0.16508089E-03
  0.25138669E-03  0.17781790E-03  0.24717885E-03  0.17484068E-03
  0.26564130E-03  0.18817137E-03  0.26119487E-03  0.18502079E-03
  0.28047839E-03  0.19896593E-03  0.27578362E-03  0.19563459E-03
  0.29591578E-03  0.21021555E-03  0.29096262E-03  0.20669584E-03
  0.31197179E-03  0.22193454E-03  0.30674989E-03  0.21821860E-03
  0.32866528E-03  0.23413758E-03  0.32316397E-03  0.23021730E-03
  0.34601565E-03  0.24683969E-03  0.34022393E-03  0.24270671E-03
  0.36404287E-03  0.26005626E-03  0.35794942E-03  0.25570196E-03
  0.38276751E-03  0.27380308E-03  0.37636066E-03  0.26921858E-03
  0.40221075E-03  0.28809629E-03  0.39547847E-03  0.28327244E-03
  0.42239441E-03  0.30295244E-03  0.41532430E-03  0.29787982E-03
  0.44334100E-03  0.31838848E-03  0.43592030E-03  0.31305737E-03
  0.46507371E-03  0.33442177E-03  0.45728926E-03  0.32882217E-03
  0.48761649E-03  0.35107009E-03  0.47945473E-03  0.34519169E-03
  0.51099404E-03  0.36835163E-03  0.50244100E-03  0.36218384E-03
  0.53523186E-03  0.38628504E-03  0.52627316E-03  0.37981693E-03
  0.56035633E-03  0.40488940E-03  0.55097711E-03  0.39810974E-03
  0.58639468E-03  0.42418427E-03  0.57657964E-03  0.41708149E-03
  0.61337507E-03  0.44418966E-03  0.60310846E-03  0.43675185E-03
  0.64132665E-03  0.46492605E-03  0.63059221E-03  0.45714098E-03
  0.67027958E-03  0.48641444E-03  0.65906055E-03  0.47826950E-03
  0.70026511E-03  0.50867631E-03  0.68854421E-03  0.50015855E-03
  0.73131560E-03  0.53173364E-03  0.71907501E-03  0.52282974E-03
  0.76346463E-03  0.55560898E-03  0.75068595E-03  0.54630524E-03
  0.79674701E-03  0.58032538E-03  0.78341128E-03  0.57060770E-03
  0.83119887E-03  0.60590644E-03  0.81728652E-03  0.59576035E-03
  0.86685776E-03  0.63237635E-03  0.85234859E-03  0.62178695E-03
  0.90376268E-03  0.65975985E-03  0.88863583E-03  0.64871184E-03
  0.94195418E-03  0.68808228E-03  0.92618812E-03  0.67655993E-03
  0.98147447E-03  0.71736957E-03  0.96504695E-03  0.70535672E-03
  0.10223675E-02  0.74764829E-03  0.10052555E-02  0.73512833E-03
  0.10646789E-02  0.77894561E-03  0.10468588E-02  0.76590147E-03
  0.11084566E-02  0.81128936E-03  0.10899038E-02  0.79770353E-03
  0.11537502E-02  0.84470803E-03  0.11344393E-02  0.83056248E-03
  0.12006117E-02  0.87923077E-03  0.11805164E-02  0.86450702E-03
  0.12490953E-02  0.91488742E-03  0.12281886E-02  0.89956646E-03
  0.12992577E-02  0.95170851E-03  0.12775114E-02  0.93577084E-03
  0.13511582E-02  0.98972531E-03  0.13285433E-02  0.97315089E-03
  0.14048589E-02  0.10289698E-02  0.13813452E-02  0.10117381E-02
  0.14604247E-02  0.10694746E-02  0.14359810E-02  0.10515645E-02
  0.15179238E-02  0.11112734E-02  0.14925177E-02  0.10926631E-02
  0.15774276E-02  0.11544002E-02  0.15510255E-02  0.11350676E-02
  0.16390109E-02  0.11988902E-02  0.16115782E-02  0.11788124E-02
  0.17027526E-02  0.12447791E-02  0.16742530E-02  0.12239326E-02
  0.17687352E-02  0.12921036E-02  0.17391312E-02  0.12704644E-02
  0.18370458E-02  0.13409011E-02  0.18062985E-02  0.13184446E-02
  0.19077759E-02  0.13912099E-02  0.18758447E-02  0.13679107E-02
  0.19810217E-02  0.14430691E-02  0.19478646E-02  0.14189012E-02
  0.20568848E-02  0.14965187E-02  0.20224580E-02  0.14714555E-02
  0.21354722E-02  0.15515996E-02  0.20997300E-02  0.15256137E-02
  0.22168968E-02  0.16083534E-02  0.21797917E-02  0.15814168E-02
  0.23012777E-02  0.16668227E-02  0.22627603E-02  0.16389067E-02
  0.23887408E-02  0.17270511E-02  0.23487595E-02  0.16981261E-02
  0.24794191E-02  0.17890829E-02  0.24379200E-02  0.17591188E-02
  0.25734533E-02  0.18529634E-02  0.25303802E-02  0.18219292E-02
  0.26709920E-02  0.19187389E-02  0.26262863E-02  0.18866027E-02
  0.27721929E-02  0.19864564E-02  0.27257933E-02  0.19531858E-02
  0.28772227E-02  0.20561640E-02  0.28290651E-02  0.20217255E-02
  0.29862582E-02  0.21279106E-02  0.29362755E-02  0.20922701E-02
  0.30994866E-02  0.22017461E-02  0.30476087E-02  0.21648686E-02
  0.32171067E-02  0.22777213E-02  0.31632599E-02  0.22395709E-02
  0.33393292E-02  0.23558878E-02  0.32834365E-02  0.23164278E-02
  0.34663777E-02  0.24362983E-02  0.34083583E-02  0.23954910E-02
  0.35984895E-02  0.25190063E-02  0.35382588E-02  0.24768131E-02
  0.37359169E-02  0.26040660E-02  0.36733857E-02  0.25604477E-02
  0.38789274E-02  0.26915328E-02  0.38140022E-02  0.26464488E-02
  0.40278055E-02  0.27814628E-02  0.39603882E-02  0.27348719E-02
  0.41828534E-02  0.28739128E-02  0.41128406E-02  0.28257727E-02
  0.43443923E-02  0.29689407E-02  0.42716753E-02  0.29192081E-02
  0.45127633E-02  0.30666049E-02  0.44372278E-02  0.30152356E-02
  0.46883293E-02  0.31669647E-02  0.46098547E-02  0.31139135E-02
  0.48714759E-02  0.32700803E-02  0.47899352E-02  0.32153009E-02
  0.50626128E-02  0.33760123E-02  0.49778723E-02  0.33194575E-02
  0.52621757E-02  0.34848220E-02  0.51740942E-02  0.34264434E-02
  0.54706275E-02  0.35965715E-02  0.53790562E-02  0.35363198E-02
  0.56884602E-02  0.37113234E-02  0.55932420E-02  0.36491481E-02
  0.59161966E-02  0.38291406E-02  0.58171656E-02  0.37649903E-02
  0.61543922E-02  0.39500866E-02  0.60513731E-02  0.38839088E-02
  0.64036369E-02  0.40742254E-02  0.62964447E-02  0.40059664E-02
  0.66645572E-02  0.42016212E-02  0.65529963E-02  0.41312262E-02
  0.69378185E-02  0.43323383E-02  0.68216821E-02  0.42597515E-02
  0.72241267E-02  0.44664414E-02  0.71031963E-02  0.43916059E-02
  0.75242313E-02  0.46039952E-02  0.73982757E-02  0.45268529E-02
  0.78389270E-02  0.47450642E-02  0.77077018E-02  0.46655560E-02
  0.81690568E-02  0.48897129E-02  0.80323034E-02  0.48077786E-02
  0.85155144E-02  0.50380056E-02  0.83729591E-02  0.49535839E-02
  0.88792466E-02  0.51900062E-02  0.87306000E-02  0.51030346E-02
  0.92612566E-02  0.53457781E-02  0.91062124E-02  0.52561930E-02
  0.96626065E-02  0.55053840E-02  0.95008405E-02  0.54131209E-02
  0.10084421E-01  0.56688858E-02  0.99155900E-02  0.55738790E-02
  0.10527889E-01  0.58363447E-02  0.10351630E-01  0.57385275E-02
  0.10994269E-01  0.60078206E-02  0.10810199E-01  0.59071251E-02
  0.11484891E-01  0.61833721E-02  0.11292602E-01  0.60797295E-02
  0.12001160E-01  0.63630564E-02  0.11800223E-01  0.62563970E-02
  0.12544560E-01  0.65469291E-02  0.12334520E-01  0.64371820E-02
  0.13116660E-01  0.67350438E-02  0.12897035E-01  0.66221373E-02
  0.13719111E-01  0.69274521E-02  0.13489393E-01  0.68113135E-02
  0.14353659E-01  0.71242033E-02  0.14113309E-01  0.70047590E-02
  0.15022142E-01  0.73253439E-02  0.14770591E-01  0.72025195E-02
  0.15726500E-01  0.75309177E-02  0.15463145E-01  0.74046380E-02
  0.16468773E-01  0.77409655E-02  0.16192979E-01  0.76111544E-02
  0.17251111E-01  0.79555245E-02  0.16962205E-01  0.78221053E-02
  0.18075778E-01  0.81746282E-02  0.17773049E-01  0.80375235E-02
  0.18945152E-01  0.83983062E-02  0.18627851E-01  0.82574380E-02
  0.19861737E-01  0.86265835E-02  0.19529070E-01  0.84818734E-02
  0.20828164E-01  0.88594806E-02  0.20479294E-01  0.87108495E-02
  0.21847196E-01  0.90970128E-02  0.21481239E-01  0.89443813E-02
  0.22921735E-01  0.93391900E-02  0.22537759E-01  0.91824783E-02
  0.24054827E-01  0.95860161E-02  0.23651849E-01  0.94251444E-02
  0.25249668E-01  0.98374888E-02  0.24826649E-01  0.96723770E-02
  0.26509610E-01  0.10093599E-01  0.26065455E-01  0.99241671E-02
  0.27838165E-01  0.10354331E-01  0.27371720E-01  0.10180499E-01
  0.29239013E-01  0.10619661E-01  0.28749063E-01  0.10441348E-01
  0.30716008E-01  0.10889556E-01  0.30201270E-01  0.10706683E-01
  0.32273184E-01  0.11163976E-01  0.31732309E-01  0.10976465E-01
  0.33914759E-01  0.11442873E-01  0.33346326E-01  0.11250643E-01
  0.35645146E-01  0.11726185E-01  0.35047658E-01  0.11529160E-01
  0.37468954E-01  0.12013845E-01  0.36840837E-01  0.11811947E-01
  0.39390999E-01  0.12305772E-01  0.38730597E-01  0.12098925E-01
  0.41416308E-01  0.12601874E-01  0.40721878E-01  0.12390003E-01
  0.43550123E-01  0.12902049E-01  0.42819835E-01  0.12685080E-01
  0.45797913E-01  0.13206181E-01  0.45029841E-01  0.12984042E-01
  0.48165373E-01  0.13514140E-01  0.47357497E-01  0.13286760E-01
  0.50658437E-01  0.13825785E-01  0.49808632E-01  0.13593096E-01
  0.53283277E-01  0.14140959E-01  0.52389314E-01  0.13902894E-01
  0.56046312E-01  0.14459490E-01  0.55105852E-01  0.14215984E-01
  0.58954214E-01  0.14781192E-01  0.57964803E-01  0.14532184E-01
  0.62013910E-01  0.15105861E-01  0.60972974E-01  0.14851291E-01
  0.65232586E-01  0.15433278E-01  0.64137428E-01  0.15173089E-01
  0.68617695E-01  0.15763205E-01  0.67465487E-01  0.15497344E-01
  0.72176954E-01  0.16095387E-01  0.70964736E-01  0.15823804E-01
  0.75918352E-01  0.16429550E-01  0.74643025E-01  0.16152200E-01
  0.79850148E-01  0.16765403E-01  0.78508468E-01  0.16482242E-01
  0.83980874E-01  0.17102631E-01  0.82569449E-01  0.16813622E-01
  0.88319336E-01  0.17440904E-01  0.86834616E-01  0.17146012E-01
  0.92874609E-01  0.17779868E-01  0.91312888E-01  0.17479063E-01
  0.97656039E-01  0.18119147E-01  0.96013442E-01  0.17812406E-01
  0.10267324      0.18458347E-01  0.10094572      0.18145649E-01
  0.10793608      0.18797049E-01  0.10611942      0.18478381E-01
  0.11345469      0.19134813E-01  0.11154449      0.18810167E-01
  0.11923944      0.19471177E-01  0.11723111      0.19140549E-01
  0.12530096      0.19805654E-01  0.12318971      0.19469049E-01
  0.13165008      0.20137736E-01  0.12943092      0.19795164E-01
  0.13829785      0.20466892E-01  0.13596561      0.20118369E-01
  0.14525553      0.20792567E-01  0.14280481      0.20438117E-01
  0.15253455      0.21114185E-01  0.14995974      0.20753838E-01
  0.16014650      0.21431144E-01  0.15744177      0.21064939E-01
  0.16810312      0.21742824E-01  0.16526240      0.21370806E-01
  0.17641623      0.22048580E-01  0.17343326      0.21670802E-01
  0.18509778      0.22347747E-01  0.18196601      0.21964270E-01
  0.19415973      0.22639640E-01  0.19087242      0.22250532E-01
  0.20361407      0.22923552E-01  0.20016421      0.22528892E-01
  0.21347278      0.23198761E-01  0.20985311      0.22798632E-01
  0.22374776      0.23464524E-01  0.21995079      0.23059021E-01
  0.23445082      0.23720084E-01  0.23046877      0.23309308E-01
  0.24559359      0.23964669E-01  0.24141846      0.23548729E-01
  0.25718752      0.24197492E-01  0.25281101      0.23776506E-01
  0.26924377      0.24417757E-01  0.26465733      0.23991851E-01
  0.28177318      0.24624658E-01  0.27696800      0.24193966E-01
  0.29478620      0.24817381E-01  0.28975318      0.24382045E-01
  0.30829281      0.24995107E-01  0.30302260      0.24555276E-01
  0.32230248      0.25157016E-01  0.31678544      0.24712846E-01
  0.33682405      0.25302287E-01  0.33105026      0.24853941E-01
  0.35186566      0.25430102E-01  0.34582494      0.24977750E-01
  0.36743470      0.25539649E-01  0.36111657      0.25083467E-01
  0.38353766      0.25630124E-01  0.37693138      0.25170294E-01
  0.40018009      0.25700736E-01  0.39327464      0.25237445E-01
  0.41736647      0.25750711E-01  0.41015054      0.25284150E-01
  0.43510014      0.25779292E-01  0.42756214      0.25309656E-01
  0.45338315      0.25785746E-01  0.44551122      0.25313233E-01
  0.47221620      0.25769368E-01  0.46399820      0.25294179E-01
  0.49159849      0.25729483E-01  0.48302200      0.25251819E-01
  0.51152766      0.25665452E-01  0.50257996      0.25185517E-01
  0.53199961      0.25576679E-01  0.52266772      0.25094674E-01
  0.55300845      0.25462610E-01  0.54327910      0.24978736E-01
  0.57454635      0.25322745E-01  0.56440599      0.24837199E-01
  0.59660343      0.25156636E-01  0.58603822      0.24669613E-01
  0.61916768      0.24963898E-01  0.60816348      0.24475589E-01
  0.64222481      0.24744213E-01  0.63076720      0.24254799E-01
  0.66575819      0.24497333E-01  0.65383243      0.24006990E-01
  0.68974870      0.24223084E-01  0.67733976      0.23731979E-01
  0.71417471      0.23921376E-01  0.70126721      0.23429665E-01
  0.73901192      0.23592201E-01  0.72559018      0.23100028E-01
  0.76423334      0.23235641E-01  0.75028132      0.22743137E-01
  0.78980919      0.22851867E-01  0.77531048      0.22359148E-01
  0.81570687      0.22441147E-01  0.80064467      0.21948313E-01
  0.84189088      0.22003842E-01  0.82624799      0.21510976E-01
  0.86832282      0.21540411E-01  0.85208160      0.21047577E-01
  0.89496134      0.21051412E-01  0.87810368      0.20558653E-01
  0.92176216      0.20537500E-01  0.90426942      0.20044839E-01
  0.94867803      0.19999426E-01  0.93053106      0.19506863E-01
  0.97565882      0.19438039E-01  0.95683783      0.18945550E-01
   1.0026515      0.18854281E-01  0.98313607      0.18361819E-01
   1.0296002      0.18249188E-01   1.0093692      0.17756681E-01
   1.0564462      0.17623885E-01   1.0354778      0.17131235E-01
   1.0831284      0.16979584E-01   1.0613998      0.16486668E-01
   1.1095828      0.16317583E-01   1.0870703      0.15824253E-01
   1.1357432      0.15639261E-01   1.1124222      0.15145342E-01
   1.1615410      0.14946077E-01   1.1373856      0.14451368E-01
   1.1869055      0.14239563E-01   1.1618889      0.13743839E-01
   1.2117641      0.13521326E-01   1.1858580      0.13024335E-01
   1.2360427      0.12793039E-01   1.2092174      0.12294509E-01
   1.2596656      0.12056445E-01   1.2318899      0.11556076E-01
   1.2825559      0.11313345E-01   1.2537971      0.10810818E-01
   1.3046361      0.10565601E-01   1.2748594      0.10060574E-01
   1.3258281      0.98151283E-02   1.2949971      0.93072417E-02
   1.3460538      0.90638920E-02   1.3141297      0.85527659E-02
   1.3652354      0.83139000E-02   1.3321774      0.77991385E-02
   1.3832958      0.75671971E-02   1.3490607      0.70483889E-02
   1.4001594      0.68258564E-02   1.3647013      0.63025771E-02
   1.4157521      0.60919693E-02   1.3790224      0.55637828E-02
   1.4300023      0.53676342E-02   1.3919495      0.48340951E-02
   1.4428411      0.46549423E-02   1.4034105      0.41155980E-02
   1.4542030      0.39559625E-02   1.4133368      0.34103555E-02
   1.4640265      0.32727235E-02   1.4216632      0.27203938E-02
   1.4722545      0.26071946E-02   1.4283290      0.20476826E-02
   1.4788348      0.19612653E-02   1.4332781      0.13941148E-02
   1.4837208      0.13367250E-02   1.4364598      0.76148641E-03
   1.4868716      0.73524283E-03   1.4378288      0.15147685E-03
   1.4882527      0.15835074E-03   1.4373461     -0.43436812E-03
   1.4878358     -0.39257065E-03   1.4349789     -0.99465009E-03
   1.4855999     -0.91630070E-03   1.4307010     -0.15281268E-02
   1.4815306     -0.14117819E-02   1.4244932     -0.20337154E-02
   1.4756211     -0.18781169E-02   1.4163433     -0.25104901E-02
   1.4678716     -0.23145616E-02   1.4062463     -0.29576758E-02
   1.4582902     -0.27205145E-02   1.3942046     -0.33746381E-02
   1.4468925     -0.30955069E-02   1.3802283     -0.37608750E-02
   1.4337024     -0.34391940E-02   1.3643353     -0.41160087E-02
   1.4187516     -0.37513518E-02   1.3465514     -0.44397834E-02
   1.4020801     -0.40318773E-02   1.3269106     -0.47320670E-02
   1.3837363     -0.42807944E-02   1.3054551     -0.49928566E-02
   1.3637771     -0.44982624E-02   1.2822353     -0.52222887E-02
   1.3422674     -0.46845871E-02   1.2573096     -0.54206494E-02
   1.3192804     -0.48402303E-02   1.2307444     -0.55883848E-02
   1.2948969     -0.49658184E-02   1.2026136     -0.57261088E-02
   1.2692049     -0.50621469E-02   1.1729980     -0.58346079E-02
   1.2422992     -0.51301812E-02   1.1419851     -0.59148412E-02
   1.2142805     -0.51710520E-02   1.1096676     -0.59679360E-02
   1.1852542     -0.51860469E-02   1.0761432     -0.59951786E-02
   1.1553303     -0.51765966E-02   1.0415135     -0.59980003E-02
   1.1246217     -0.51442581E-02   1.0058828     -0.59779600E-02
   1.0932435     -0.50906942E-02  0.96935708     -0.59367238E-02
   1.0613117     -0.50176504E-02  0.93204323     -0.58760421E-02
   1.0289426     -0.49269316E-02  0.89404762     -0.57977249E-02
  0.99625134     -0.48203771E-02  0.85547530     -0.57036179E-02
  0.96335130     -0.46998356E-02  0.81642894     -0.55955773E-02
  0.93035297     -0.45671425E-02  0.77700795     -0.54754469E-02
  0.89736326     -0.44240977E-02  0.73730762     -0.53450366E-02
  0.86448482     -0.42724456E-02  0.69741843     -0.52061029E-02
  0.83181538     -0.41138587E-02  0.65742535     -0.50603319E-02
  0.79944730     -0.39499225E-02  0.61740733     -0.49093260E-02
  0.76746715     -0.37821243E-02  0.57743684     -0.47545924E-02
  0.73595544     -0.36118447E-02  0.53757949     -0.45975350E-02
  0.70498639     -0.34403517E-02  0.49789378     -0.44394500E-02
  0.67462788     -0.32687979E-02  0.45843089     -0.42815224E-02
  0.64494137     -0.30982197E-02  0.41923456     -0.41248263E-02
  0.61598197     -0.29295390E-02  0.38034097     -0.39703266E-02
  0.58779853     -0.27635660E-02  0.34177874     -0.38188822E-02
  0.56043381     -0.26010046E-02  0.30356895     -0.36712510E-02
  0.53392460     -0.24424579E-02  0.26572509     -0.35280949E-02
  0.50830201     -0.22884348E-02  0.22825315     -0.33899862E-02
  0.48359162     -0.21393576E-02  0.19115169     -0.32574137E-02
  0.45981378     -0.19955686E-02  0.15441183     -0.31307885E-02
  0.43698379     -0.18573381E-02  0.11801739     -0.30104495E-02
  0.41511219     -0.17248712E-02  0.81944897E-01 -0.28966687E-02
  0.39420495     -0.15983145E-02  0.46163756E-01 -0.27896551E-02
  0.37426373     -0.14777624E-02  0.10636318E-01 -0.26895582E-02
  0.35528611     -0.13632628E-02 -0.24681942E-01 -0.25964706E-02
  0.33726580     -0.12548225E-02 -0.59842223E-01 -0.25104296E-02
  0.32019286     -0.11524114E-02 -0.94902127E-01 -0.24314188E-02
  0.30405392     -0.10559673E-02 -0.12992532     -0.23593680E-02
  0.28883243     -0.96539943E-03 -0.16498109     -0.22941536E-02
  0.27450883     -0.88059259E-03 -0.20014381     -0.22355983E-02
  0.26106079     -0.80141059E-03 -0.23549226     -0.21834696E-02
  0.24846341     -0.72770014E-03 -0.27110882     -0.21374787E-02
  0.23668939     -0.65929465E-03 -0.30707845     -0.20972771E-02
  0.22570922     -0.59601810E-03 -0.34348746     -0.20624524E-02
  0.21549125     -0.53768904E-03 -0.38042204     -0.20325227E-02
  0.20600182     -0.48412454E-03 -0.41796632     -0.20069272E-02
  0.19720521     -0.43514399E-03 -0.45620011     -0.19850154E-02
  0.18906369     -0.39057280E-03 -0.49519602     -0.19660320E-02
  0.18153731     -0.35024569E-03 -0.53501583     -0.19490989E-02
  0.17458376     -0.31400976E-03 -0.57570603     -0.19331937E-02
  0.16815808     -0.28172762E-03 -0.61729230     -0.19171234E-02
  0.16221222     -0.25327742E-03 -0.65977262     -0.18994966E-02
  0.15669470     -0.22855621E-03 -0.70310895     -0.18786909E-02
POT:
  331    1     0.03000     2.83154
 1.729492954D+02 1.733111305D+02 1.736897856D+02 1.739132535D+02 1.740745299D+02
 1.742043910D+02 1.743122633D+02 1.744053344D+02 1.744875929D+02 1.745616375D+02
 1.746292451D+02 1.746916832D+02 1.747498877D+02 1.748045695D+02 1.748562820D+02
 1.749054641D+02 1.749524704D+02 1.749975915D+02 1.750410687D+02 1.750831047D+02
 1.751238718D+02 1.751635177D+02 1.752021699D+02 1.752399398D+02 1.752769252D+02
 1.753132123D+02 1.753488781D+02 1.753839914D+02 1.754186141D+02 1.754528022D+02
 1.754866068D+02 1.755200745D+02 1.755532480D+02 1.755861668D+02 1.756188675D+02
 1.756513840D+02 1.756837482D+02 1.757159899D+02 1.757481369D+02 1.757802157D+02
 1.758122515D+02 1.758442679D+02 1.758762878D+02 1.759083326D+02 1.759404234D+02
 1.759725801D+02 1.760048219D+02 1.760371675D+02 1.760696350D+02 1.761022418D+02
 1.761350049D+02 1.761679411D+02 1.762010664D+02 1.762343967D+02 1.762679475D+02
 1.763017339D+02 1.763357709D+02 1.763700730D+02 1.764046547D+02 1.764395302D+02
 1.764747132D+02 1.765102175D+02 1.765460566D+02 1.765822438D+02 1.766187921D+02
 1.766557143D+02 1.766930232D+02 1.767307311D+02 1.767688503D+02 1.768073926D+02
 1.768463699D+02 1.768857935D+02 1.769256747D+02 1.769660243D+02 1.770068528D+02
 1.770481706D+02 1.770899873D+02 1.771323125D+02 1.771751552D+02 1.772185239D+02
 1.772624266D+02 1.773068709D+02 1.773518637D+02 1.773974112D+02 1.774435191D+02
 1.774901922D+02 1.775374345D+02 1.775852493D+02 1.776336388D+02 1.776826043D+02
 1.777321461D+02 1.777822632D+02 1.778329535D+02 1.778842134D+02 1.779360383D+02
 1.779884216D+02 1.780413553D+02 1.780948299D+02 1.781488337D+02 1.782033532D+02
 1.782583729D+02 1.783138751D+02 1.783698395D+02 1.784262437D+02 1.784830622D+02
 1.785402670D+02 1.785978272D+02 1.786557084D+02 1.787138731D+02 1.787722803D+02
 1.788308853D+02 1.788896394D+02 1.789484897D+02 1.790073792D+02 1.790662462D+02
 1.791250241D+02 1.791836413D+02 1.792420212D+02 1.793000813D+02 1.793577334D+02
 1.794148833D+02 1.794714305D+02 1.795272677D+02 1.795822811D+02 1.796363492D+02
 1.796893434D+02 1.797411272D+02 1.797915563D+02 1.798404777D+02 1.798877299D+02
 1.799331427D+02 1.799765365D+02 1.800177222D+02 1.800565010D+02 1.800926643D+02
 1.801259928D+02 1.801562571D+02 1.801832169D+02 1.802066209D+02 1.802262070D+02
 1.802417014D+02 1.802528192D+02 1.802592640D+02 1.802607276D+02 1.802568904D+02
 1.802474210D+02 1.802319767D+02 1.802102032D+02 1.801817350D+02 1.801461953D+02
 1.801031966D+02 1.800523411D+02 1.799932208D+02 1.799254179D+02 1.798485058D+02
 1.797620495D+02 1.796656062D+02 1.795587261D+02 1.794409538D+02 1.793118284D+02
 1.791708855D+02 1.790176578D+02 1.788516764D+02 1.786724726D+02 1.784795788D+02
 1.782725306D+02 1.780508679D+02 1.778141371D+02 1.775618928D+02 1.772936993D+02
 1.770091331D+02 1.767077845D+02 1.763892599D+02 1.760531833D+02 1.756991991D+02
 1.753269736D+02 1.749361971D+02 1.745265858D+02 1.740978838D+02 1.736498644D+02
 1.731823323D+02 1.726951241D+02 1.721881102D+02 1.716611954D+02 1.711143195D+02
 1.705474575D+02 1.699606195D+02 1.693538504D+02 1.687272288D+02 1.680808654D+02
 1.674149015D+02 1.667295062D+02 1.660248736D+02 1.653012192D+02 1.645587760D+02
 1.637977899D+02 1.630185148D+02 1.622212071D+02 1.614061202D+02 1.605734986D+02
 1.597235726D+02 1.588565518D+02 1.579726211D+02 1.570719355D+02 1.561546173D+02
 1.552207540D+02 1.542703980D+02 1.533035689D+02 1.523202572D+02 1.513204315D+02
 1.503040480D+02 1.492710616D+02 1.482214406D+02 1.471551815D+02 1.460723250D+02
 1.449729706D+02 1.438572905D+02 1.427255386D+02 1.415780563D+02 1.404152717D+02
 1.392376944D+02 1.380459031D+02 1.368405292D+02 1.356222362D+02 1.343916975D+02
 1.331495727D+02 1.318964868D+02 1.306330113D+02 1.293596499D+02 1.280768290D+02
 1.267848939D+02 1.254841100D+02 1.241746691D+02 1.228566999D+02 1.215302820D+02
 1.201954631D+02 1.188522769D+02 1.175007631D+02 1.161409866D+02 1.147730559D+02
 1.133971408D+02 1.120134873D+02 1.106224304D+02 1.092244038D+02 1.078199459D+02
 1.064097026D+02 1.049944262D+02 1.035749703D+02 1.021522808D+02 1.007273829D+02
 9.930136465D+01 9.787535721D+01 9.645051148D+01 9.502797282D+01 9.360885363D+01
 9.219420511D+01 9.078498912D+01 8.938205176D+01 8.798610025D+01 8.659768561D+01
 8.521719342D+01 8.384484575D+01 8.248071665D+01 8.112476336D+01 7.977687318D+01
 7.843692342D+01 7.710484838D+01 7.578070327D+01 7.446471352D+01 7.315729832D+01
 7.185906164D+01 7.057075142D+01 6.929319442D+01 6.802721977D+01 6.677358516D+01
 6.553291710D+01 6.430567172D+01 6.309211783D+01 6.189233981D+01 6.070625598D+01
 5.953364741D+01 5.837419209D+01 5.722750099D+01 5.609315266D+01 5.497072480D+01
 5.385982125D+01 5.276009393D+01 5.167125967D+01 5.059311167D+01 4.952552627D+01
 4.846846526D+01 4.742197423D+01 4.638617776D+01 4.536127178D+01 4.434751388D+01
 4.334521206D+01 4.235471254D+01 4.137638708D+01 4.041062023D+01 3.945779715D+01
 3.851829194D+01 3.759245725D+01 3.668061505D+01 3.578304889D+01 3.489999782D+01
 3.403165211D+01 3.317815063D+01 3.233958025D+01 3.151597695D+01 3.070732878D+01
 2.991358037D+01 2.913463887D+01 2.837038077D+01 2.762065932D+01 2.688531156D+01
 2.616416452D+01 2.545703981D+01 2.476375606D+01 2.408412900D+01 2.341796935D+01
 2.276507900D+01 2.212524618D+01 2.149824043D+01 2.088380828D+01 2.028166997D+01
 1.969151773D+01 1.911301563D+01 1.854580089D+01 1.798948636D+01 1.744366460D+01
 1.690791219D+01

PPAR:  Mn1   VES=  0.017461
 L       ENU        C       +/-DEL   1/SQRT(P)     GAMMA      ALPHA
 0 -0.4592265 -0.2869882 -0.1724569  4.4554545  0.4490959  0.4490959
 1 -0.3281735  0.6237558  0.1756142  5.8449045  0.1317524  0.1317524
 2 -0.1908232 -0.1087686  0.0172820  0.7492549  0.0018069  0.0018069
