GENERAL: LMX=2  NSPIN=1   WSR= 2.831544  REL=T  NR=331  A=.030
   Z=25  QC=18  QTOT= 0.226762

 ETOT  =  -2313.8929959  EKIN =    2340.6400059  UTOT =  -4654.5148258
 EMAD  =     -0.0181760  SUMEC=   -1358.0778550  SUMEV=     -1.6687857
 RHOV  =  -3700.3866466  UNUCL=   -5543.9460638  UELEC=    990.5901251
 RHOEPS=   -101.1588871  REPSNL=      0.0000000  RHOMU=   -133.5768660
 RMUNL =      0.0000000

MOMNTS:  Mn2   VRMAX= -0.769647
 L      PL         Q0         Q1         Q2   IDMOD     DL
 0  4.6584164  0.6294795 -0.0152562  0.0154438  0  -0.5432938
 1  4.4002728  0.8171334 -0.0106051  0.0171869  0   0.3239725
 2  3.7726772  5.7801493  0.0309282  0.0682177  0  -1.1536951
COR:
  331    1     0.03000    5
 0.000000000D+00 3.388912353D-06 1.364341619D-05 3.120081684D-05 5.660530636D-05
 9.045035865D-05 1.334046532D-04 1.861796530D-04 2.495425298D-04 3.243156838D-04
 4.113793940D-04 5.116748197D-04 6.262073326D-04 7.560501691D-04 9.023483840D-04
 1.066323097D-03 1.249276029D-03 1.452594342D-03 1.677755783D-03 1.926334148D-03
 2.200005084D-03 2.500552241D-03 2.829873788D-03 3.189989324D-03 3.583047190D-03
 4.011332218D-03 4.477273923D-03 4.983455182D-03 5.532621412D-03 6.127690278D-03
 6.771761959D-03 7.468130009D-03 8.220292830D-03 9.031965808D-03 9.907094134D-03
 1.084986635D-02 1.186472865D-02 1.295640004D-02 1.412988823D-02 1.539050655D-02
 1.674389171D-02 1.819602261D-02 1.975324010D-02 2.142226794D-02 2.321023481D-02
 2.512469757D-02 2.717366577D-02 2.936562750D-02 3.170957656D-02 3.421504120D-02
 3.689211427D-02 3.975148505D-02 4.280447268D-02 4.606306144D-02 4.953993775D-02
 5.324852914D-02 5.720304524D-02 6.141852078D-02 6.591086085D-02 7.069688839D-02
 7.579439401D-02 8.122218834D-02 8.700015689D-02 9.314931758D-02 9.969188103D-02
 1.066513137D-01 1.140524042D-01 1.219213320D-01 1.302857405D-01 1.391748119D-01
 1.486193471D-01 1.586518475D-01 1.693066012D-01 1.806197733D-01 1.926294987D-01
 2.053759800D-01 2.189015887D-01 2.332509705D-01 2.484711545D-01 2.646116669D-01
 2.817246487D-01 2.998649773D-01 3.190903930D-01 3.394616284D-01 3.610425438D-01
 3.839002646D-01 4.081053248D-01 4.337318128D-01 4.608575218D-01 4.895641037D-01
 5.199372262D-01 5.520667333D-01 5.860468085D-01 6.219761406D-01 6.599580913D-01
 7.001008646D-01 7.425176774D-01 7.873269305D-01 8.346523787D-01 8.846233009D-01
 9.373746674D-01 9.930473049D-01 1.051788057D+00 1.113749939D+00 1.179092288D+00
 1.247980905D+00 1.320588182D+00 1.397093225D+00 1.477681961D+00 1.562547227D+00
 1.651888843D+00 1.745913668D+00 1.844835629D+00 1.948875724D+00 2.058261999D+00
 2.173229492D+00 2.294020140D+00 2.420882647D+00 2.554072311D+00 2.693850801D+00
 2.840485878D+00 2.994251070D+00 3.155425271D+00 3.324292286D+00 3.501140294D+00
 3.686261239D+00 3.879950131D+00 4.082504263D+00 4.294222330D+00 4.515403442D+00
 4.746346033D+00 4.987346656D+00 5.238698651D+00 5.500690691D+00 5.773605191D+00
 6.057716586D+00 6.353289451D+00 6.660576486D+00 6.979816341D+00 7.311231283D+00
 7.655024706D+00 8.011378483D+00 8.380450150D+00 8.762369934D+00 9.157237623D+00
 9.565119283D+00 9.986043825D+00 1.041999944D+01 1.086692989D+01 1.132673073D+01
 1.179924537D+01 1.228426112D+01 1.278150515D+01 1.329064044D+01 1.381126174D+01
 1.434289158D+01 1.488497632D+01 1.543688246D+01 1.599789295D+01 1.656720389D+01
 1.714392149D+01 1.772705933D+01 1.831553618D+01 1.890817423D+01 1.950369796D+01
 2.010073367D+01 2.069780982D+01 2.129335820D+01 2.188571601D+01 2.247312907D+01
 2.305375613D+01 2.362567439D+01 2.418688637D+01 2.473532819D+01 2.526887932D+01
 2.578537387D+01 2.628261352D+01 2.675838203D+01 2.721046151D+01 2.763665031D+01
 2.803478253D+01 2.840274922D+01 2.873852103D+01 2.904017234D+01 2.930590664D+01
 2.953408300D+01 2.972324342D+01 2.987214080D+01 2.997976716D+01 3.004538188D+01
 3.006853935D+01 3.004911591D+01 2.998733524D+01 2.988379193D+01 2.973947257D+01
 2.955577385D+01 2.933451693D+01 2.907795764D+01 2.878879180D+01 2.847015507D+01
 2.812561676D+01 2.775916713D+01 2.737519756D+01 2.697847339D+01 2.657409887D+01
 2.616747431D+01 2.576424508D+01 2.537024269D+01 2.499141815D+01 2.463376796D+01
 2.430325334D+01 2.400571353D+01 2.374677397D+01 2.353175068D+01 2.336555218D+01
 2.325258030D+01 2.319663187D+01 2.320080288D+01 2.326739719D+01 2.339784193D+01
 2.359261144D+01 2.385116221D+01 2.417188057D+01 2.455204536D+01 2.498780736D+01
 2.547418711D+01 2.600509260D+01 2.657335791D+01 2.717080361D+01 2.778831922D+01
 2.841596767D+01 2.904311132D+01 2.965855827D+01 3.025072755D+01 3.080783104D+01
 3.131806948D+01 3.176983951D+01 3.215194810D+01 3.245383050D+01 3.266576730D+01
 3.277909611D+01 3.278641289D+01 3.268175834D+01 3.246078423D+01 3.212089518D+01
 3.166136131D+01 3.108339770D+01 3.039020702D+01 2.958698291D+01 2.868087093D+01
 2.768088675D+01 2.659779076D+01 2.544392011D+01 2.423297986D+01 2.297979651D+01
 2.170003811D+01 2.040990655D+01 1.912580846D+01 1.786401251D+01 1.664030142D+01
 1.546962788D+01 1.436578371D+01 1.334109181D+01 1.240613017D+01 1.156949640D+01
 1.083762034D+01 1.021463103D+01 9.702282545D+00 9.299941459D+00 9.004636647D+00
 8.811170309D+00 8.712286978D+00 8.698895556D+00 8.760337717D+00 8.884694551D+00
 9.059122063D+00 9.270205181D+00 9.504319256D+00 9.747987781D+00 9.988225177D+00
 1.021285412D+01 1.041078787D+01 1.057226958D+01 1.068906221D+01 1.075458486D+01
 1.076399307D+01 1.071420485D+01 1.060387114D+01 1.043329847D+01 1.020432763D+01
 9.920175625D+00 9.585249012D+00 9.204936695D+00 8.785390736D+00 8.333303268D+00
 7.855687052D+00 7.359666385D+00 6.852284052D+00 6.340328870D+00 5.830187218D+00
 5.327720729D+00 4.838171253D+00 4.366093122D+00 3.915311872D+00 3.488907778D+00
 3.089221949D+00 2.717882240D+00 2.375845899D+00 2.063455693D+00 1.780506180D+00
 1.526316837D+00 1.299808937D+00 1.099583294D+00 9.239963053D-01 7.712321246D-01
 6.393691771D-01 5.264396756D-01 4.304812309D-01 3.495800650D-01 2.819057251D-01
 2.257375349D-01 1.794833034D-01 1.416910261D-01 1.110544596D-01 8.641353417D-02
 6.675058750D-02 5.118337843D-02 3.895577371D-02 2.942690539D-02 2.205946664D-02
 1.640779202D-02
SUMEC
 0.000000000D+00
EC
-4.709268752D+02-5.409833315D+01-5.831627138D+00-4.583033592D+01-3.563700493D+00
PHI:
  331    1    2     0.03000     0.00014
        G1              G2              GP1              GP2
     SPIN 1  L=0
   11.097087      -1.0208076       3.0600813     -0.28149316    
   10.965969      -1.0087462       3.0239248     -0.27816716    
   10.888829      -1.0016502       3.0026530     -0.27621040    
   10.833264     -0.99656859       2.9873305     -0.27480919    
   10.788580     -0.99252717       2.9750086     -0.27369490    
   10.751502     -0.98915772       2.9647843     -0.27276584    
   10.719541     -0.98625733       2.9559708     -0.27196613    
   10.691314     -0.98369794       2.9481870     -0.27126044    
   10.665922     -0.98139842       2.9411849     -0.27062641    
   10.642749     -0.97930292       2.9347949     -0.27004865    
   10.621358     -0.97737155       2.9288962     -0.26951614    
   10.601426     -0.97557482       2.9233996     -0.26902076    
   10.582706     -0.97389030       2.9182374     -0.26855632    
   10.565007     -0.97230055       2.9133569     -0.26811802    
   10.548178     -0.97079172       2.9087163     -0.26770203    
   10.532097     -0.96935262       2.9042818     -0.26730528    
   10.516663     -0.96797410       2.9000257     -0.26692523    
   10.501793     -0.96664854       2.8959252     -0.26655979    
   10.487417     -0.96536956       2.8919607     -0.26620719    
   10.473474     -0.96413173       2.8881161     -0.26586595    
   10.459916     -0.96293041       2.8843771     -0.26553478    
   10.446696     -0.96176157       2.8807317     -0.26521256    
   10.433777     -0.96062174       2.8771691     -0.26489835    
   10.421125     -0.95950784       2.8736802     -0.26459129    
   10.408709     -0.95841715       2.8702565     -0.26429064    
   10.396504     -0.95734728       2.8668908     -0.26399572    
   10.384485     -0.95629606       2.8635764     -0.26370596    
   10.372631     -0.95526157       2.8603075     -0.26342081    
   10.360922     -0.95424205       2.8570785     -0.26313979    
   10.349340     -0.95323590       2.8538847     -0.26286247    
   10.337869     -0.95224168       2.8507214     -0.26258843    
   10.326493     -0.95125806       2.8475846     -0.26231733    
   10.315200     -0.95028380       2.8444703     -0.26204880    
   10.303976     -0.94931776       2.8413751     -0.26178255    
   10.292808     -0.94835890       2.8382955     -0.26151828    
   10.281686     -0.94740621       2.8352285     -0.26125572    
   10.270599     -0.94645878       2.8321710     -0.26099462    
   10.259536     -0.94551572       2.8291203     -0.26073472    
   10.248489     -0.94457623       2.8260738     -0.26047581    
   10.237447     -0.94363952       2.8230289     -0.26021767    
   10.226402     -0.94270483       2.8199831     -0.25996010    
   10.215346     -0.94177148       2.8169342     -0.25970290    
   10.204270     -0.94083876       2.8138798     -0.25944587    
   10.193166     -0.93990602       2.8108179     -0.25918885    
   10.182028     -0.93897264       2.8077462     -0.25893166    
   10.170846     -0.93803800       2.8046628     -0.25867412    
   10.159615     -0.93710151       2.8015655     -0.25841608    
   10.148327     -0.93616258       2.7984525     -0.25815738    
   10.136974     -0.93522064       2.7953218     -0.25789785    
   10.125550     -0.93427515       2.7921715     -0.25763734    
   10.114048     -0.93332555       2.7889996     -0.25737571    
   10.102461     -0.93237132       2.7858043     -0.25711281    
   10.090783     -0.93141190       2.7825838     -0.25684848    
   10.079006     -0.93044680       2.7793361     -0.25658260    
   10.067124     -0.92947547       2.7760594     -0.25631500    
   10.055130     -0.92849740       2.7727519     -0.25604555    
   10.043018     -0.92751207       2.7694117     -0.25577411    
   10.030780     -0.92651897       2.7660370     -0.25550054    
   10.018411     -0.92551759       2.7626258     -0.25522468    
   10.005902     -0.92450740       2.7591764     -0.25494641    
   9.9932482     -0.92348788       2.7556867     -0.25466557    
   9.9804415     -0.92245852       2.7521550     -0.25438203    
   9.9674750     -0.92141879       2.7485792     -0.25409563    
   9.9543418     -0.92036815       2.7449574     -0.25380624    
   9.9410347     -0.91930609       2.7412876     -0.25351371    
   9.9275464     -0.91823205       2.7375679     -0.25321788    
   9.9138696     -0.91714549       2.7337962     -0.25291861    
   9.8999968     -0.91604586       2.7299704     -0.25261575    
   9.8859204     -0.91493260       2.7260885     -0.25230914    
   9.8716327     -0.91380514       2.7221483     -0.25199862    
   9.8571258     -0.91266291       2.7181476     -0.25168404    
   9.8423917     -0.91150533       2.7140843     -0.25136524    
   9.8274223     -0.91033178       2.7099561     -0.25104204    
   9.8122093     -0.90914169       2.7057606     -0.25071430    
   9.7967443     -0.90793441       2.7014957     -0.25038183    
   9.7810185     -0.90670934       2.6971589     -0.25004446    
   9.7650234     -0.90546583       2.6927477     -0.24970203    
   9.7487498     -0.90420323       2.6882598     -0.24935434    
   9.7321886     -0.90292088       2.6836925     -0.24900121    
   9.7153304     -0.90161810       2.6790433     -0.24864247    
   9.6981658     -0.90029420       2.6743096     -0.24827792    
   9.6806850     -0.89894847       2.6694887     -0.24790736    
   9.6628780     -0.89758020       2.6645778     -0.24753060    
   9.6447346     -0.89618865       2.6595741     -0.24714744    
   9.6262445     -0.89477307       2.6544748     -0.24675767    
   9.6073970     -0.89333269       2.6492769     -0.24636107    
   9.5881812     -0.89186674       2.6439774     -0.24595744    
   9.5685861     -0.89037441       2.6385733     -0.24554654    
   9.5486003     -0.88885488       2.6330615     -0.24512817    
   9.5282123     -0.88730732       2.6274386     -0.24470208    
   9.5074101     -0.88573087       2.6217016     -0.24426805    
   9.4861817     -0.88412466       2.6158470     -0.24382582    
   9.4645147     -0.88248781       2.6098714     -0.24337517    
   9.4423965     -0.88081939       2.6037713     -0.24291582    
   9.4198140     -0.87911847       2.5975432     -0.24244754    
   9.3967542     -0.87738410       2.5911834     -0.24197005    
   9.3732035     -0.87561532       2.5846882     -0.24148309    
   9.3491481     -0.87381111       2.5780538     -0.24098638    
   9.3245740     -0.87197048       2.5712762     -0.24047965    
   9.2994668     -0.87009237       2.5643517     -0.23996260    
   9.2738117     -0.86817573       2.5572760     -0.23943495    
   9.2475939     -0.86621946       2.5500450     -0.23889640    
   9.2207979     -0.86422248       2.5426546     -0.23834664    
   9.1934082     -0.86218363       2.5351004     -0.23778535    
   9.1654089     -0.86010178       2.5273780     -0.23721224    
   9.1367837     -0.85797573       2.5194830     -0.23662696    
   9.1075160     -0.85580430       2.5114107     -0.23602918    
   9.0775889     -0.85358624       2.5031565     -0.23541858    
   9.0469852     -0.85132031       2.4947157     -0.23479479    
   9.0156874     -0.84900523       2.4860833     -0.23415748    
   8.9836775     -0.84663970       2.4772546     -0.23350628    
   8.9509375     -0.84422239       2.4682244     -0.23284083    
   8.9174487     -0.84175195       2.4589876     -0.23216076    
   8.8831924     -0.83922699       2.4495390     -0.23146567    
   8.8481493     -0.83664613       2.4398734     -0.23075520    
   8.8123000     -0.83400793       2.4299854     -0.23002894    
   8.7756246     -0.83131093       2.4198694     -0.22928650    
   8.7381031     -0.82855366       2.4095200     -0.22852746    
   8.6997151     -0.82573462       2.3989316     -0.22775142    
   8.6604398     -0.82285227       2.3880983     -0.22695795    
   8.6202562     -0.81990508       2.3770144     -0.22614662    
   8.5791431     -0.81689146       2.3656740     -0.22531701    
   8.5370789     -0.81380981       2.3540712     -0.22446866    
   8.4940417     -0.81065852       2.3422000     -0.22360114    
   8.4500096     -0.80743595       2.3300542     -0.22271399    
   8.4049601     -0.80414042       2.3176276     -0.22180675    
   8.3588707     -0.80077027       2.3049142     -0.22087896    
   8.3117188     -0.79732377       2.2919075     -0.21993014    
   8.2634814     -0.79379922       2.2786012     -0.21895983    
   8.2141353     -0.79019488       2.2649891     -0.21796754    
   8.1636574     -0.78650899       2.2510645     -0.21695280    
   8.1120242     -0.78273978       2.2368212     -0.21591510    
   8.0592124     -0.77888547       2.2222526     -0.21485397    
   8.0051983     -0.77494427       2.2073522     -0.21376889    
   7.9499583     -0.77091437       2.1921135     -0.21265939    
   7.8934690     -0.76679397       2.1765299     -0.21152496    
   7.8357066     -0.76258126       2.1605950     -0.21036509    
   7.7766477     -0.75827440       2.1443022     -0.20917928    
   7.7162689     -0.75387159       2.1276451     -0.20796704    
   7.6545468     -0.74937100       2.1106173     -0.20672786    
   7.5914585     -0.74477083       2.0932123     -0.20546123    
   7.5269810     -0.74006927       2.0754239     -0.20416667    
   7.4610918     -0.73526452       2.0572458     -0.20284367    
   7.3937685     -0.73035481       2.0386718     -0.20149174    
   7.3249895     -0.72533837       2.0196959     -0.20011039    
   7.2547332     -0.72021347       2.0003122     -0.19869915    
   7.1829788     -0.71497839       1.9805148     -0.19725754    
   7.1097059     -0.70963145       1.9602983     -0.19578509    
   7.0348950     -0.70417100       1.9396571     -0.19428134    
   6.9585272     -0.69859543       1.9185861     -0.19274585    
   6.8805843     -0.69290318       1.8970801     -0.19117819    
   6.8010491     -0.68709273       1.8751344     -0.18957793    
   6.7199053     -0.68116261       1.8527446     -0.18794467    
   6.6371379     -0.67511144       1.8299064     -0.18627802    
   6.5527327     -0.66893788       1.8066159     -0.18457760    
   6.4666772     -0.66264067       1.7828696     -0.18284308    
   6.3789597     -0.65621864       1.7586643     -0.18107412    
   6.2895705     -0.64967068       1.7339973     -0.17927041    
   6.1985012     -0.64299580       1.7088662     -0.17743167    
   6.1057452     -0.63619311       1.6832692     -0.17555765    
   6.0112976     -0.62926181       1.6572049     -0.17364814    
   5.9151556     -0.62220123       1.6306725     -0.17170293    
   5.8173184     -0.61501082       1.6036718     -0.16972188    
   5.7177873     -0.60769017       1.5762031     -0.16770486    
   5.6165661     -0.60023898       1.5482674     -0.16565178    
   5.5136609     -0.59265714       1.5198664     -0.16356261    
   5.4090807     -0.58494468       1.4910025     -0.16143735    
   5.3028369     -0.57710178       1.4616789     -0.15927604    
   5.1949441     -0.56912882       1.4318995     -0.15707879    
   5.0854197     -0.56102636       1.4016692     -0.15484573    
   4.9742846     -0.55279514       1.3709937     -0.15257707    
   4.8615629     -0.54443611       1.3398795     -0.15027305    
   4.7472822     -0.53595043       1.3083344     -0.14793400    
   4.6314739     -0.52733950       1.2763670     -0.14556028    
   4.5141732     -0.51860492       1.2439868     -0.14315233    
   4.3954191     -0.50974854       1.2112048     -0.14071066    
   4.2752551     -0.50077247       1.1780329     -0.13823582    
   4.1537287     -0.49167906       1.1444842     -0.13572848    
   4.0308920     -0.48247094       1.1105731     -0.13318933    
   3.9068017     -0.47315099       1.0763152     -0.13061916    
   3.7815192     -0.46372241       1.0417274     -0.12801885    
   3.6551109     -0.45418866       1.0068281     -0.12538934    
   3.5276479     -0.44455349      0.97163700     -0.12273165    
   3.3992069     -0.43482099      0.93617518     -0.12004691    
   3.2698694     -0.42499552      0.90046523     -0.11733629    
   3.1397226     -0.41508178      0.86453122     -0.11460110    
   3.0088590     -0.40508478      0.82839872     -0.11184270    
   2.8773766     -0.39500987      0.79209485     -0.10906255    
   2.7453791     -0.38486270      0.75564827     -0.10626221    
   2.6129758     -0.37464929      0.71908922     -0.10344331    
   2.4802816     -0.36437595      0.68244951     -0.10060761    
   2.3474172     -0.35404937      0.64576255     -0.97756921E-01
   2.2145090     -0.34367655      0.60906331     -0.94893173E-01
   2.0816889     -0.33326482      0.57238835     -0.92018378E-01
   1.9490945     -0.32282184      0.53577577     -0.89134644E-01
   1.8168690     -0.31235563      0.49926524     -0.86244169E-01
   1.6851608     -0.30187449      0.46289791     -0.83349240E-01
   1.5541237     -0.29138707      0.42671640     -0.80452233E-01
   1.4239166     -0.28090230      0.39076476     -0.77555608E-01
   1.2947031     -0.27042943      0.35508841     -0.74661910E-01
   1.1666516     -0.25997798      0.31973406     -0.71773763E-01
   1.0399348     -0.24955776      0.28474965     -0.68893869E-01
  0.91472941     -0.23917883      0.25018423     -0.66025002E-01
  0.79121582     -0.22885147      0.21608793     -0.63170000E-01
  0.66957769     -0.21858622      0.18251175     -0.60331769E-01
  0.55000146     -0.20839378      0.14950752     -0.57513266E-01
  0.43267593     -0.19828505      0.11712775     -0.54717500E-01
  0.31779168     -0.18827105      0.85425441E-01 -0.51947523E-01
  0.20554049     -0.17836295      0.54453964E-01 -0.49206419E-01
  0.96114745E-01 -0.16857198      0.24266879E-01 -0.46497301E-01
 -0.10293258E-01 -0.15890943     -0.50822548E-02 -0.43823295E-01
 -0.11349201     -0.14938661     -0.33540072E-01 -0.41187536E-01
 -0.21329154     -0.14001480     -0.61053609E-01 -0.38593157E-01
 -0.30950421     -0.13080524     -0.87570529E-01 -0.36043274E-01
 -0.40194558     -0.12176905     -0.11303935     -0.33540980E-01
 -0.49043520     -0.11291721     -0.13740968     -0.31089330E-01
 -0.57479760     -0.10426052     -0.16063249     -0.28691331E-01
 -0.65486318     -0.95809533E-01 -0.18266035     -0.26349927E-01
 -0.73046916     -0.87574549E-01 -0.20344772     -0.24067992E-01
 -0.80146061     -0.79565530E-01 -0.22295120     -0.21848311E-01
 -0.86769144     -0.71792076E-01 -0.24112984     -0.19693572E-01
 -0.92902537     -0.64263372E-01 -0.25794541     -0.17606353E-01
 -0.98533705     -0.56988146E-01 -0.27336270     -0.15589106E-01
  -1.0365130     -0.49974618E-01 -0.28734980     -0.13644147E-01
  -1.0824528     -0.43230460E-01 -0.29987839     -0.11773644E-01
  -1.1230697     -0.36762745E-01 -0.31092405     -0.99796019E-02
  -1.1582922     -0.30577906E-01 -0.32046650     -0.82638501E-02
  -1.1880646     -0.24681692E-01 -0.32848991     -0.66280327E-02
  -1.2123479     -0.19079123E-01 -0.33498315     -0.50735946E-02
  -1.2311209     -0.13774453E-01 -0.33994006     -0.36017707E-02
  -1.2443810     -0.87711294E-02 -0.34335962     -0.22135747E-02
  -1.2521446     -0.40717586E-02 -0.34524626     -0.90978992E-03
  -1.2544481      0.32192405E-03 -0.34560996      0.30904062E-03
  -1.2513483      0.44090828E-02 -0.34446648      0.14426215E-02
  -1.2429230      0.81898033E-02 -0.34183747      0.24909117E-02
  -1.2292712      0.11665110E-01 -0.33775060      0.34541298E-02
  -1.2105134      0.14836977E-01 -0.33223959      0.43327576E-02
  -1.1867914      0.17708333E-01 -0.32534431      0.51275417E-02
  -1.1582688      0.20283061E-01 -0.31711073      0.58394941E-02
  -1.1251304      0.22565988E-01 -0.30759091      0.64698905E-02
  -1.0875820      0.24562874E-01 -0.29684290      0.70202665E-02
  -1.0458500      0.26280385E-01 -0.28493064      0.74924125E-02
  -1.0001804      0.27726071E-01 -0.27192378      0.78883666E-02
 -0.95083843      0.28908326E-01 -0.25789748      0.82104057E-02
 -0.89810734      0.29836353E-01 -0.24293212      0.84610351E-02
 -0.84228737      0.30520114E-01 -0.22711306      0.86429766E-02
 -0.78369444      0.30970282E-01 -0.21053026      0.87591547E-02
 -0.72265876      0.31198183E-01 -0.19327786      0.88126826E-02
 -0.65952321      0.31215740E-01 -0.17545383      0.88068458E-02
 -0.59464167      0.31035406E-01 -0.15715942      0.87450855E-02
 -0.52837714      0.30670101E-01 -0.13849868      0.86309812E-02
 -0.46109977      0.30133141E-01 -0.11957789      0.84682317E-02
 -0.39318473      0.29438171E-01 -0.10050501      0.82606363E-02
 -0.32501003      0.28599085E-01 -0.81388985E-01  0.80120749E-02
 -0.25695418      0.27629958E-01 -0.62339145E-01  0.77264876E-02
 -0.18939380      0.26544968E-01 -0.43464497E-01  0.74078539E-02
 -0.12270118      0.25358315E-01 -0.24873022E-01  0.70601712E-02
 -0.57241734E-01  0.24084146E-01 -0.66709546E-02  0.66874331E-02
  0.66284724E-02  0.22736475E-01  0.11037954E-01  0.62936067E-02
  0.68565285E-01  0.21329099E-01  0.28153172E-01  0.58826108E-02
  0.12823893      0.19875520E-01  0.44578122E-01  0.54582921E-02
  0.18533643      0.18388866E-01  0.60220898E-01  0.50244033E-02
  0.23956394      0.16881809E-01  0.74994967E-01  0.45845799E-02
  0.29064895      0.15366489E-01  0.88819828E-01  0.41423191E-02
  0.33834229      0.13854447E-01  0.10162165      0.37009586E-02
  0.38242001      0.12356558E-01  0.11333383      0.32636580E-02
  0.42268500      0.10882971E-01  0.12389754      0.28333818E-02
  0.45896842      0.94430684E-02  0.13326217      0.24128855E-02
  0.49113087      0.80454213E-02  0.14138577      0.20047037E-02
  0.51906332      0.66977681E-02  0.14823532      0.16111413E-02
  0.54268783      0.54069934E-02  0.15378708      0.12342673E-02
  0.56195795      0.41791185E-02  0.15802671      0.87591002E-03
  0.57685890      0.30192973E-02  0.16094948      0.53765436E-03
  0.58740748      0.19318166E-02  0.16256024      0.22084044E-03
  0.59365168      0.92010240E-03  0.16287344     -0.73436808E-04
  0.59566996     -0.13270958E-04  0.16191297     -0.34432666E-03
  0.59357027     -0.86656539E-03  0.15971198     -0.59122014E-03
  0.58748872     -0.16388583E-02  0.15631254     -0.81374578E-03
  0.57758795     -0.23300149E-02  0.15176523     -0.10117634E-02
  0.56405516     -0.29406531E-02  0.14612869     -0.11853554E-02
  0.54709995     -0.34721010E-02  0.13946897     -0.13348161E-02
  0.52695179     -0.39263461E-02  0.13185892     -0.14606381E-02
  0.50385739     -0.43059775E-02  0.12337744     -0.15634970E-02
  0.47807787     -0.46141222E-02  0.11410869     -0.16442334E-02
  0.44988574     -0.48543758E-02  0.10414129     -0.17038340E-02
  0.41956194     -0.50307294E-02  0.93567454E-01 -0.17434106E-02
  0.38739278     -0.51474943E-02  0.82482139E-01 -0.17641791E-02
  0.35366696     -0.52092268E-02  0.70982177E-01 -0.17674377E-02
  0.31867264     -0.52206531E-02  0.59165451E-01 -0.17545454E-02
  0.28269470     -0.51865976E-02  0.47130083E-01 -0.17269009E-02
  0.24601211     -0.51119146E-02  0.34973672E-01 -0.16859228E-02
  0.20889554     -0.50014257E-02  0.22792583E-01 -0.16330315E-02
  0.17160518     -0.48598625E-02  0.10681288E-01 -0.15696315E-02
  0.13438883     -0.46918167E-02 -0.12682142E-02 -0.14970971E-02
  0.97480216E-01 -0.45016970E-02 -0.12966926E-01 -0.14167591E-02
  0.61097564E-01 -0.42936929E-02 -0.24329296E-01 -0.13298934E-02
  0.25442473E-01 -0.40717466E-02 -0.35273603E-01 -0.12377123E-02
 -0.93009934E-02 -0.38395305E-02 -0.45722264E-01 -0.11413572E-02
 -0.42966957E-01 -0.36004323E-02 -0.55602079E-01 -0.10418930E-02
 -0.75408145E-01 -0.33575450E-02 -0.64844404E-01 -0.94030437E-03
 -0.10649609     -0.31136632E-02 -0.73385267E-01 -0.83749336E-03
 -0.13612113     -0.28712825E-02 -0.81165418E-01 -0.73427802E-03
 -0.16419220     -0.26326042E-02 -0.88130323E-01 -0.63139236E-03
 -0.19063651     -0.23995424E-02 -0.94230099E-01 -0.52948698E-03
 -0.21539897     -0.21737335E-02 -0.99419392E-01 -0.42913049E-03
 -0.23844155     -0.19565481E-02 -0.10365721     -0.33081147E-03
 -0.25974245     -0.17491047E-02 -0.10690668     -0.23494097E-03
 -0.27929522     -0.15522835E-02 -0.10913479     -0.14185541E-03
 -0.29710766     -0.13667425E-02 -0.11031205     -0.51819977E-04
 -0.31320071     -0.11929329E-02 -0.11041210      0.34967662E-04
 -0.32760721     -0.10311159E-02 -0.10941132      0.11837314E-03
 -0.34037060     -0.88137953E-03 -0.10728836      0.19832074E-03
 -0.35154354     -0.74365575E-03 -0.10402363      0.27478825E-03
 -0.36118650     -0.61773787E-03 -0.99598838E-01  0.34780139E-03
 -0.36936634     -0.50329785E-03 -0.93996424E-01  0.41742767E-03
 -0.37615484     -0.39990353E-03 -0.87199076E-01  0.48376999E-03
 -0.38162724     -0.30703541E-03 -0.79189216E-01  0.54695972E-03
 -0.38586087     -0.22410261E-03 -0.69948547E-01  0.60714963E-03
 -0.38893376     -0.15045788E-03 -0.59457633E-01  0.66450649E-03
 -0.39092326     -0.85411105E-04 -0.47695562E-01  0.71920343E-03
 -0.39190477     -0.28241274E-04 -0.34639699E-01  0.77141201E-03
 -0.39195049      0.21793337E-04 -0.20265563E-01  0.82129371E-03
 -0.39112812      0.65446726E-04 -0.45468677E-02  0.86899083E-03
 -0.38949970      0.10347839E-03  0.12544236E-01  0.91461620E-03
 -0.38712035      0.13664799E-03  0.31036648E-01  0.95824162E-03
 -0.38403700      0.16571118E-03  0.50959462E-01  0.99988447E-03
 -0.38028717      0.19141625E-03  0.72340670E-01  0.10394921E-02
 -0.37589770      0.21450297E-03  0.95205303E-01  0.10769238E-02
 -0.37088320      0.23569450E-03  0.11957287      0.11119297E-02
 -0.36524493      0.25569909E-03  0.14545394      0.11441266E-02
     SPIN 1  L=1
  0.11009587E-01  0.56133349E-02  0.14509424E-02  0.73977579E-03
  0.18245479E-01  0.93633519E-02  0.24045535E-02  0.12339868E-02
  0.24560620E-01  0.12688418E-01  0.32368195E-02  0.16721939E-02
  0.30408420E-01  0.15692446E-01  0.40074959E-02  0.20680905E-02
  0.35983861E-01  0.18424330E-01  0.47422793E-02  0.24281196E-02
  0.41274140E-01  0.21131207E-01  0.54394810E-02  0.27848539E-02
  0.46381570E-01  0.23752548E-01  0.61125853E-02  0.31303153E-02
  0.51339577E-01  0.26315629E-01  0.67659974E-02  0.34680983E-02
  0.56177372E-01  0.28828967E-01  0.74035670E-02  0.37993256E-02
  0.60915130E-01  0.31301310E-01  0.80279530E-02  0.41251496E-02
  0.65568059E-01  0.33739427E-01  0.86411595E-02  0.44464630E-02
  0.70147831E-01  0.36148786E-01  0.92447250E-02  0.47639859E-02
  0.74663603E-01  0.38533796E-01  0.98398561E-02  0.50782996E-02
  0.79122665E-01  0.40898043E-01  0.10427513E-01  0.53898765E-02
  0.83530884E-01  0.43244460E-01  0.11008471E-01  0.56991034E-02
  0.87893024E-01  0.45575458E-01  0.11583355E-01  0.60062976E-02
  0.92212968E-01  0.47893022E-01  0.12152679E-01  0.63117212E-02
  0.96493896E-01  0.50198792E-01  0.12716861E-01  0.66155901E-02
  0.10073841      0.52494118E-01  0.13276244E-01  0.69180821E-02
  0.10494863      0.54780106E-01  0.13831107E-01  0.72193432E-02
  0.10912628      0.57057659E-01  0.14381680E-01  0.75194921E-02
  0.11327277      0.59327501E-01  0.14928144E-01  0.78186245E-02
  0.11738919      0.61590205E-01  0.15470646E-01  0.81168156E-02
  0.12147641      0.63846210E-01  0.16009302E-01  0.84141237E-02
  0.12553511      0.66095841E-01  0.16544197E-01  0.87105911E-02
  0.12956577      0.68339317E-01  0.17075397E-01  0.90062471E-02
  0.13356871      0.70576769E-01  0.17602946E-01  0.93011086E-02
  0.13754415      0.72808243E-01  0.18126870E-01  0.95951818E-02
  0.14149218      0.75033714E-01  0.18647181E-01  0.98884636E-02
  0.14541280      0.77253090E-01  0.19163881E-01  0.10180942E-01
  0.14930593      0.79466221E-01  0.19676956E-01  0.10472596E-01
  0.15317140      0.81672901E-01  0.20186389E-01  0.10763400E-01
  0.15700902      0.83872875E-01  0.20692150E-01  0.11053320E-01
  0.16081854      0.86065846E-01  0.21194208E-01  0.11342316E-01
  0.16459965      0.88251472E-01  0.21692522E-01  0.11630344E-01
  0.16835204      0.90429378E-01  0.22187051E-01  0.11917354E-01
  0.17207536      0.92599153E-01  0.22677751E-01  0.12203292E-01
  0.17576928      0.94760357E-01  0.23164574E-01  0.12488099E-01
  0.17943341      0.96912519E-01  0.23647473E-01  0.12771715E-01
  0.18306741      0.99055147E-01  0.24126400E-01  0.13054074E-01
  0.18667092      0.10118772      0.24601310E-01  0.13335107E-01
  0.19024360      0.10330971      0.25072156E-01  0.13614745E-01
  0.19378512      0.10542055      0.25538897E-01  0.13892913E-01
  0.19729519      0.10751968      0.26001492E-01  0.14169537E-01
  0.20077353      0.10960650      0.26459905E-01  0.14444539E-01
  0.20421989      0.11168042      0.26914105E-01  0.14717840E-01
  0.20763407      0.11374084      0.27364064E-01  0.14989361E-01
  0.21101591      0.11578712      0.27809761E-01  0.15259019E-01
  0.21436529      0.11781865      0.28251179E-01  0.15526732E-01
  0.21768213      0.11983481      0.28688309E-01  0.15792418E-01
  0.22096642      0.12183494      0.29121150E-01  0.16055992E-01
  0.22421819      0.12381842      0.29549705E-01  0.16317371E-01
  0.22743753      0.12578460      0.29973987E-01  0.16576471E-01
  0.23062462      0.12773286      0.30394018E-01  0.16833207E-01
  0.23377968      0.12966254      0.30809828E-01  0.17087495E-01
  0.23690300      0.13157302      0.31221454E-01  0.17339252E-01
  0.23999494      0.13346367      0.31628946E-01  0.17588394E-01
  0.24305596      0.13533386      0.32032363E-01  0.17834840E-01
  0.24608657      0.13718296      0.32431772E-01  0.18078507E-01
  0.24908738      0.13901037      0.32827253E-01  0.18319314E-01
  0.25205907      0.14081548      0.33218897E-01  0.18557182E-01
  0.25500242      0.14259769      0.33606805E-01  0.18792032E-01
  0.25791828      0.14435641      0.33991091E-01  0.19023785E-01
  0.26080761      0.14609107      0.34371881E-01  0.19252367E-01
  0.26367147      0.14780110      0.34749313E-01  0.19477702E-01
  0.26651098      0.14948593      0.35123537E-01  0.19699716E-01
  0.26932740      0.15114503      0.35494717E-01  0.19918339E-01
  0.27212207      0.15277786      0.35863031E-01  0.20133499E-01
  0.27489644      0.15438390      0.36228669E-01  0.20345129E-01
  0.27765207      0.15596265      0.36591838E-01  0.20553161E-01
  0.28039063      0.15751362      0.36952755E-01  0.20757531E-01
  0.28311388      0.15903631      0.37311656E-01  0.20958175E-01
  0.28582372      0.16053028      0.37668790E-01  0.21155031E-01
  0.28852217      0.16199505      0.38024421E-01  0.21348041E-01
  0.29121134      0.16343021      0.38378829E-01  0.21537146E-01
  0.29389348      0.16483531      0.38732312E-01  0.21722291E-01
  0.29657098      0.16620996      0.39085180E-01  0.21903421E-01
  0.29924631      0.16755375      0.39437765E-01  0.22080484E-01
  0.30192213      0.16886631      0.39790412E-01  0.22253430E-01
  0.30460118      0.17014725      0.40143485E-01  0.22422210E-01
  0.30728636      0.17139624      0.40497365E-01  0.22586777E-01
  0.30998070      0.17261292      0.40852452E-01  0.22747085E-01
  0.31268737      0.17379696      0.41209163E-01  0.22903092E-01
  0.31540968      0.17494805      0.41567935E-01  0.23054756E-01
  0.31815108      0.17606589      0.41929223E-01  0.23202035E-01
  0.32091518      0.17715017      0.42293501E-01  0.23344892E-01
  0.32370572      0.17820061      0.42661263E-01  0.23483289E-01
  0.32652660      0.17921695      0.43033023E-01  0.23617190E-01
  0.32938186      0.18019891      0.43409313E-01  0.23746560E-01
  0.33227571      0.18114626      0.43790688E-01  0.23871367E-01
  0.33521250      0.18205874      0.44177721E-01  0.23991578E-01
  0.33819674      0.18293611      0.44571006E-01  0.24107161E-01
  0.34123309      0.18377816      0.44971158E-01  0.24218088E-01
  0.34432637      0.18458467      0.45378812E-01  0.24324329E-01
  0.34748157      0.18535541      0.45794625E-01  0.24425856E-01
  0.35070381      0.18609019      0.46219272E-01  0.24522641E-01
  0.35399839      0.18678880      0.46653450E-01  0.24614659E-01
  0.35737074      0.18745104      0.47097877E-01  0.24701882E-01
  0.36082646      0.18807673      0.47553289E-01  0.24784287E-01
  0.36437129      0.18866568      0.48020444E-01  0.24861847E-01
  0.36801113      0.18921769      0.48500118E-01  0.24934537E-01
  0.37175202      0.18973259      0.48993107E-01  0.25002335E-01
  0.37560012      0.19021020      0.49500224E-01  0.25065216E-01
  0.37956177      0.19065033      0.50022302E-01  0.25123155E-01
  0.38364340      0.19105280      0.50560191E-01  0.25176129E-01
  0.38785159      0.19141743      0.51114756E-01  0.25224115E-01
  0.39219303      0.19174405      0.51686879E-01  0.25267087E-01
  0.39667453      0.19203246      0.52277458E-01  0.25305022E-01
  0.40130301      0.19228250      0.52887403E-01  0.25337895E-01
  0.40608547      0.19249396      0.53517638E-01  0.25365682E-01
  0.41102902      0.19266666      0.54169100E-01  0.25388357E-01
  0.41614086      0.19280040      0.54842734E-01  0.25405896E-01
  0.42142822      0.19289500      0.55539498E-01  0.25418270E-01
  0.42689845      0.19295025      0.56260355E-01  0.25425455E-01
  0.43255890      0.19296594      0.57006278E-01  0.25427423E-01
  0.43841701      0.19294187      0.57778243E-01  0.25424146E-01
  0.44448021      0.19287782      0.58577231E-01  0.25415595E-01
  0.45075597      0.19277356      0.59404226E-01  0.25401740E-01
  0.45725178      0.19262888      0.60260213E-01  0.25382553E-01
  0.46397511      0.19244354      0.61146177E-01  0.25358000E-01
  0.47093342      0.19221729      0.62063100E-01  0.25328052E-01
  0.47813414      0.19194990      0.63011961E-01  0.25292674E-01
  0.48558467      0.19164111      0.63993735E-01  0.25251834E-01
  0.49329236      0.19129067      0.65009388E-01  0.25205497E-01
  0.50126449      0.19089830      0.66059879E-01  0.25153628E-01
  0.50950826      0.19046374      0.67146157E-01  0.25096189E-01
  0.51803080      0.18998670      0.68269160E-01  0.25033145E-01
  0.52683913      0.18946691      0.69429811E-01  0.24964457E-01
  0.53594015      0.18890407      0.70629020E-01  0.24890087E-01
  0.54534066      0.18829789      0.71867680E-01  0.24809994E-01
  0.55504730      0.18764806      0.73146665E-01  0.24724139E-01
  0.56506656      0.18695428      0.74466829E-01  0.24632480E-01
  0.57540479      0.18621623      0.75829006E-01  0.24534976E-01
  0.58606813      0.18543360      0.77234005E-01  0.24431583E-01
  0.59706256      0.18460607      0.78682610E-01  0.24322261E-01
  0.60839384      0.18373331      0.80175579E-01  0.24206964E-01
  0.62006751      0.18281500      0.81713641E-01  0.24085649E-01
  0.63208891      0.18185081      0.83297493E-01  0.23958273E-01
  0.64446309      0.18084042      0.84927800E-01  0.23824792E-01
  0.65719485      0.17978349      0.86605193E-01  0.23685160E-01
  0.67028873      0.17867969      0.88330264E-01  0.23539335E-01
  0.68374896      0.17752871      0.90103568E-01  0.23387272E-01
  0.69757945      0.17633022      0.91925615E-01  0.23228928E-01
  0.71178377      0.17508390      0.93796874E-01  0.23064261E-01
  0.72636517      0.17378944      0.95717765E-01  0.22893227E-01
  0.74132650      0.17244654      0.97688660E-01  0.22715787E-01
  0.75667021      0.17105489      0.99709876E-01  0.22531898E-01
  0.77239834      0.16961423      0.10178168      0.22341524E-01
  0.78851249      0.16812427      0.10390426      0.22144627E-01
  0.80501379      0.16658475      0.10607778      0.21941170E-01
  0.82190287      0.16499542      0.10830231      0.21731122E-01
  0.83917983      0.16335607      0.11057784      0.21514449E-01
  0.85684423      0.16166649      0.11290431      0.21291125E-01
  0.87489503      0.15992649      0.11528158      0.21061122E-01
  0.89333058      0.15813591      0.11770942      0.20824418E-01
  0.91214858      0.15629461      0.12018752      0.20580994E-01
  0.93134604      0.15440250      0.12271545      0.20330834E-01
  0.95091923      0.15245949      0.12529274      0.20073926E-01
  0.97086368      0.15046555      0.12791875      0.19810264E-01
  0.99117410      0.14842067      0.13059280      0.19539846E-01
   1.0118444      0.14632489      0.13331405      0.19262673E-01
   1.0328675      0.14417829      0.13608155      0.18978755E-01
   1.0542354      0.14198100      0.13889424      0.18688107E-01
   1.0759393      0.13973319      0.14175093      0.18390748E-01
   1.0979692      0.13743508      0.14465028      0.18086706E-01
   1.1203141      0.13508695      0.14759080      0.17776017E-01
   1.1429617      0.13268915      0.15057088      0.17458723E-01
   1.1658989      0.13024207      0.15358873      0.17134873E-01
   1.1891110      0.12774618      0.15664240      0.16804528E-01
   1.2125822      0.12520201      0.15972977      0.16467756E-01
   1.2362955      0.12261018      0.16284855      0.16124633E-01
   1.2602322      0.11997137      0.16599626      0.15775249E-01
   1.2843724      0.11728633      0.16917024      0.15419699E-01
   1.3086947      0.11455591      0.17236761      0.15058095E-01
   1.3331761      0.11178105      0.17558531      0.14690556E-01
   1.3577922      0.10896277      0.17882004      0.14317214E-01
   1.3825167      0.10610218      0.18206831      0.13938214E-01
   1.4073218      0.10320049      0.18532638      0.13553713E-01
   1.4321779      0.10025903      0.18859031      0.13163883E-01
   1.4570536      0.97279203E-01  0.19185589      0.12768907E-01
   1.4819160      0.94262537E-01  0.19511869      0.12368985E-01
   1.5067298      0.91210669E-01  0.19837403      0.11964329E-01
   1.5314583      0.88125347E-01  0.20161695      0.11555169E-01
   1.5560628      0.85008434E-01  0.20484227      0.11141747E-01
   1.5805024      0.81861916E-01  0.20804452      0.10724324E-01
   1.6047344      0.78687895E-01  0.21121800      0.10303176E-01
   1.6287144      0.75488601E-01  0.21435671      0.98785939E-02
   1.6523956      0.72266386E-01  0.21745440      0.94508872E-02
   1.6757294      0.69023731E-01  0.22050456      0.90203818E-02
   1.6986653      0.65763241E-01  0.22350038      0.85874206E-02
   1.7211507      0.62487655E-01  0.22643483      0.81523637E-02
   1.7431312      0.59199838E-01  0.22930059      0.77155887E-02
   1.7645504      0.55902783E-01  0.23209009      0.72774905E-02
   1.7853502      0.52599613E-01  0.23479550      0.68384813E-02
   1.8054704      0.49293578E-01  0.23740877      0.63989905E-02
   1.8248495      0.45988053E-01  0.23992158      0.59594643E-02
   1.8434240      0.42686534E-01  0.24232542      0.55203659E-02
   1.8611290      0.39392639E-01  0.24461154      0.50821744E-02
   1.8778983      0.36110100E-01  0.24677102      0.46453850E-02
   1.8936641      0.32842759E-01  0.24879473      0.42105079E-02
   1.9083577      0.29594563E-01  0.25067340      0.37780680E-02
   1.9219093      0.26369559E-01  0.25239761      0.33486037E-02
   1.9342483      0.23171881E-01  0.25395784      0.29226662E-02
   1.9453034      0.20005748E-01  0.25534445      0.25008182E-02
   1.9550028      0.16875452E-01  0.25654776      0.20836331E-02
   1.9632749      0.13785344E-01  0.25755806      0.16716931E-02
   1.9700478      0.10739829E-01  0.25836562      0.12655883E-02
   1.9752499      0.77433483E-02  0.25896076      0.86591462E-03
   1.9788104      0.48003688E-02  0.25933388      0.47327255E-03
   1.9806595      0.19153686E-02  0.25947549      0.88264992E-04
   1.9807283     -0.90717810E-03  0.25937626     -0.28850451E-03
   1.9789497     -0.36628161E-02  0.25902708     -0.65643378E-03
   1.9752585     -0.63471256E-02  0.25841907     -0.10149241E-02
   1.9695918     -0.89557383E-02  0.25754368     -0.13633822E-02
   1.9618894     -0.11484354E-01  0.25639270     -0.17012228E-02
   1.9520942     -0.13928759E-01  0.25495833     -0.20278706E-02
   1.9401525     -0.16284840E-01  0.25323327     -0.23427625E-02
   1.9260146     -0.18548608E-01  0.25121073     -0.26453500E-02
   1.9096354     -0.20716210E-01  0.24888451     -0.29351018E-02
   1.8909742     -0.22783948E-01  0.24624907     -0.32115059E-02
   1.8699958     -0.24748303E-01  0.24329958     -0.34740722E-02
   1.8466710     -0.26605948E-01  0.24003201     -0.37223350E-02
   1.8209763     -0.28353770E-01  0.23644317     -0.39558560E-02
   1.7928952     -0.29988890E-01  0.23253076     -0.41742262E-02
   1.7624182     -0.31508681E-01  0.22829350     -0.43770696E-02
   1.7295434     -0.32910792E-01  0.22373111     -0.45640451E-02
   1.6942770     -0.34193166E-01  0.21884445     -0.47348498E-02
   1.6566333     -0.35354059E-01  0.21363552     -0.48892219E-02
   1.6166355     -0.36392063E-01  0.20810754     -0.50269429E-02
   1.5743162     -0.37306121E-01  0.20226503     -0.51478405E-02
   1.5297171     -0.38095547E-01  0.19611380     -0.52517913E-02
   1.4828897     -0.38760039E-01  0.18966105     -0.53387226E-02
   1.4338957     -0.39299695E-01  0.18291539     -0.54086146E-02
   1.3828067     -0.39715024E-01  0.17588684     -0.54615020E-02
   1.3297046     -0.40006952E-01  0.16858691     -0.54974758E-02
   1.2746819     -0.40176832E-01  0.16102860     -0.55166835E-02
   1.2178412     -0.40226442E-01  0.15322637     -0.55193306E-02
   1.1592955     -0.40157988E-01  0.14519620     -0.55056801E-02
   1.0991681     -0.39974100E-01  0.13695553     -0.54760527E-02
   1.0375921     -0.39677822E-01  0.12852330     -0.54308263E-02
  0.97471045     -0.39272607E-01  0.11991986     -0.53704345E-02
  0.91067562     -0.38762299E-01  0.11116698     -0.52953657E-02
  0.84564891     -0.38151119E-01  0.10228778     -0.52061611E-02
  0.77980019     -0.37443650E-01  0.93306695E-01 -0.51034127E-02
  0.71330728     -0.36644810E-01  0.84249363E-01 -0.49877610E-02
  0.64635532     -0.35759834E-01  0.75142590E-01 -0.48598920E-02
  0.57913605     -0.34794246E-01  0.66014238E-01 -0.47205350E-02
  0.51184704     -0.33753837E-01  0.56893130E-01 -0.45704586E-02
  0.44469083     -0.32644634E-01  0.47808932E-01 -0.44104681E-02
  0.37787401     -0.31472871E-01  0.38792034E-01 -0.42414019E-02
  0.31160619     -0.30244961E-01  0.29873411E-01 -0.40641276E-02
  0.24609898     -0.28967466E-01  0.21084480E-01 -0.38795386E-02
  0.18156484     -0.27647065E-01  0.12456942E-01 -0.36885498E-02
  0.11821588     -0.26290518E-01  0.40226157E-02 -0.34920938E-02
  0.56262645E-01 -0.24904640E-01 -0.41867425E-02 -0.32911166E-02
 -0.40871921E-02 -0.23496259E-01 -0.12139621E-01 -0.30865728E-02
 -0.62630151E-01 -0.22072184E-01 -0.19804949E-01 -0.28794212E-02
 -0.11916830     -0.20639171E-01 -0.27152294E-01 -0.26706196E-02
 -0.17351061     -0.19203876E-01 -0.34152071E-01 -0.24611197E-02
 -0.22547433     -0.17772826E-01 -0.40775748E-01 -0.22518616E-02
 -0.27488635     -0.16352369E-01 -0.46996051E-01 -0.20437678E-02
 -0.32158448     -0.14948641E-01 -0.52787177E-01 -0.18377378E-02
 -0.36541870     -0.13567518E-01 -0.58124991E-01 -0.16346420E-02
 -0.40625238     -0.12214583E-01 -0.62987220E-01 -0.14353161E-02
 -0.44396333     -0.10895084E-01 -0.67353642E-01 -0.12405556E-02
 -0.47844479     -0.96139050E-02 -0.71206254E-01 -0.10511106E-02
 -0.50960628     -0.83755347E-02 -0.74529437E-01 -0.86768205E-03
 -0.53737438     -0.71840465E-02 -0.77310102E-01 -0.69091793E-03
 -0.56169332     -0.60430822E-02 -0.79537821E-01 -0.52141043E-03
 -0.58252549     -0.49558423E-02 -0.81204950E-01 -0.35969402E-03
 -0.59985181     -0.39250807E-02 -0.82306730E-01 -0.20624393E-03
 -0.61367200     -0.29531027E-02 -0.82841375E-01 -0.61474893E-04
 -0.62400469     -0.20417658E-02 -0.82810145E-01  0.74259819E-04
 -0.63088737     -0.11924799E-02 -0.82217396E-01  0.20066938E-03
 -0.63437629     -0.40620972E-03 -0.81070607E-01  0.31752633E-03
 -0.63454602      0.31652259E-03 -0.79380382E-01  0.42466735E-03
 -0.63148898      0.97563349E-03 -0.77160430E-01  0.52199378E-03
 -0.62531468      0.15714710E-02 -0.74427502E-01  0.60947170E-03
 -0.61614881      0.21048043E-02 -0.71201313E-01  0.68713134E-03
 -0.60413210      0.25768089E-02 -0.67504420E-01  0.75506579E-03
 -0.58941905      0.29890469E-02 -0.63362078E-01  0.81342885E-03
 -0.57217641      0.33434417E-02 -0.58802073E-01  0.86243198E-03
 -0.55258159      0.36422483E-02 -0.53854519E-01  0.90234037E-03
 -0.53082092      0.38880183E-02 -0.48551651E-01  0.93346831E-03
 -0.50708784      0.40835612E-02 -0.42927593E-01  0.95617370E-03
 -0.48158100      0.42319028E-02 -0.37018118E-01  0.97085220E-03
 -0.45450237      0.43362411E-02 -0.30860408E-01  0.97793086E-03
 -0.42605539      0.43999018E-02 -0.24492813E-01  0.97786157E-03
 -0.39644313      0.44262934E-02 -0.17954612E-01  0.97111450E-03
 -0.36586652      0.44188638E-02 -0.11285788E-01  0.95817159E-03
 -0.33452272      0.43810592E-02 -0.45268145E-02  0.93952041E-03
 -0.30260360      0.43162853E-02  0.22815377E-02  0.91564830E-03
 -0.27029431      0.42278727E-02  0.90983790E-02  0.88703712E-03
 -0.23777211      0.41190465E-02  0.15882854E-01  0.85415847E-03
 -0.20520526      0.39928997E-02  0.22594275E-01  0.81746958E-03
 -0.17275209      0.38523717E-02  0.29192230E-01  0.77740983E-03
 -0.14056031      0.37002309E-02  0.35636667E-01  0.73439788E-03
 -0.10876632      0.35390623E-02  0.41887959E-01  0.68882935E-03
 -0.77494873E-01  0.33712584E-02  0.47906938E-01  0.64107506E-03
 -0.46858676E-01  0.31990142E-02  0.53654916E-01  0.59147975E-03
 -0.16958266E-01  0.30243256E-02  0.59093677E-01  0.54036113E-03
  0.12118063E-01  0.28489905E-02  0.64185443E-01  0.48800933E-03
  0.40294202E-01  0.26746119E-02  0.68892829E-01  0.43468648E-03
  0.67506072E-01  0.25026032E-02  0.73178756E-01  0.38062657E-03
  0.93701375E-01  0.23341948E-02  0.77006355E-01  0.32603541E-03
  0.11883926      0.21704420E-02  0.80338832E-01  0.27109058E-03
  0.14288989      0.20122331E-02  0.83139309E-01  0.21594161E-03
  0.16583400      0.18602983E-02  0.85370630E-01  0.16071007E-03
  0.18766224      0.17152186E-02  0.86995131E-01  0.10548990E-03
  0.20837462      0.15774356E-02  0.87974382E-01  0.50347738E-04
  0.22797976      0.14472599E-02  0.88268880E-01 -0.46764431E-05
  0.24649412      0.13248811E-02  0.87837716E-01 -0.59568541E-04
  0.26394112      0.12103771E-02  0.86638194E-01 -0.11433915E-03
  0.28035032      0.11037232E-02  0.84625430E-01 -0.16902202E-03
  0.29575638      0.10048020E-02  0.81751910E-01 -0.22367214E-03
  0.31019811      0.91341271E-03  0.77967035E-01 -0.27836326E-03
  0.32371741      0.82928060E-03  0.73216645E-01 -0.33318504E-03
  0.33635818      0.75206583E-03  0.67442549E-01 -0.38823968E-03
  0.34816525      0.68137202E-03  0.60582053E-01 -0.44363796E-03
  0.35918317      0.61675374E-03  0.52567527E-01 -0.49949477E-03
  0.36945508      0.55772300E-03  0.43326011E-01 -0.55592385E-03
  0.37902142      0.50375444E-03  0.32778900E-01 -0.61303162E-03
  0.38791865      0.45428911E-03  0.20841741E-01 -0.67090980E-03
  0.39617779      0.40873694E-03  0.74241948E-02 -0.72962639E-03
  0.40382285      0.36647790E-03 -0.75697831E-02 -0.78921465E-03
  0.41086919      0.32686212E-03 -0.24241435E-01 -0.84965939E-03
  0.41732152      0.28920926E-03 -0.42696272E-01 -0.91088020E-03
  0.42317201      0.25280590E-03 -0.63042572E-01 -0.97271069E-03
  0.42839746      0.21690941E-03 -0.85389116E-01 -0.10348734E-02
  0.43295710      0.18074309E-03 -0.10984196     -0.10969495E-02
     SPIN 1  L=2
  0.20512967E-06  0.13779797E-06  0.20173182E-06  0.13551543E-06
  0.65081207E-06  0.44007617E-06  0.64003176E-06  0.43278658E-06
  0.12883612E-05  0.87707143E-06  0.12670203E-05  0.86254328E-06
  0.21101338E-05  0.14303983E-05  0.20751808E-05  0.14067045E-05
  0.31133280E-05  0.20914843E-05  0.30617579E-05  0.20568396E-05
  0.42831706E-05  0.28790358E-05  0.42122231E-05  0.28313454E-05
  0.56268628E-05  0.37839129E-05  0.55336581E-05  0.37212333E-05
  0.71453381E-05  0.48095042E-05  0.70269812E-05  0.47298356E-05
  0.88420743E-05  0.59577105E-05  0.86956126E-05  0.58590217E-05
  0.10720958E-04  0.72315897E-05  0.10543375E-04  0.71117989E-05
  0.12786547E-04  0.86346287E-05  0.12574749E-04  0.84915960E-05
  0.15043917E-04  0.10170743E-04  0.14794728E-04  0.10002264E-04
  0.17498612E-04  0.11844203E-04  0.17208764E-04  0.11648002E-04
  0.20156590E-04  0.13659600E-04  0.19822715E-04  0.13433327E-04
  0.23024191E-04  0.15621822E-04  0.22642817E-04  0.15363042E-04
  0.26108110E-04  0.17736030E-04  0.25675656E-04  0.17442227E-04
  0.29415381E-04  0.20007655E-04  0.28928146E-04  0.19676220E-04
  0.32953355E-04  0.22442381E-04  0.32407518E-04  0.22070613E-04
  0.36729697E-04  0.25046146E-04  0.36121310E-04  0.24631243E-04
  0.40752375E-04  0.27825130E-04  0.40077357E-04  0.27364190E-04
  0.45029653E-04  0.30785761E-04  0.44283789E-04  0.30275774E-04
  0.49570091E-04  0.33934707E-04  0.48749021E-04  0.33372554E-04
  0.54382542E-04  0.37278881E-04  0.53481761E-04  0.36661326E-04
  0.59476148E-04  0.40825435E-04  0.58491000E-04  0.40149125E-04
  0.64860344E-04  0.44581766E-04  0.63786015E-04  0.43843227E-04
  0.70544857E-04  0.48555519E-04  0.69376374E-04  0.47751147E-04
  0.76539708E-04  0.52754581E-04  0.75271930E-04  0.51880643E-04
  0.82855216E-04  0.57187090E-04  0.81482833E-04  0.56239718E-04
  0.89502000E-04  0.61861437E-04  0.88019525E-04  0.60836625E-04
  0.96490982E-04  0.66786267E-04  0.94892748E-04  0.65679863E-04
  0.10383339E-03  0.71970480E-04  0.10211355E-03  0.70778187E-04
  0.11154078E-03  0.77423239E-04  0.10969328E-03  0.76140608E-04
  0.11962501E-03  0.83153972E-04  0.11764360E-03  0.81776396E-04
  0.12809826E-03  0.89172372E-04  0.12597652E-03  0.87695085E-04
  0.13697307E-03  0.95488408E-04  0.13470434E-03  0.93906477E-04
  0.14626230E-03  0.10211232E-03  0.14383970E-03  0.10042064E-03
  0.15597915E-03  0.10905463E-03  0.15339561E-03  0.10724794E-03
  0.16613719E-03  0.11632615E-03  0.16338541E-03  0.11439898E-03
  0.17675036E-03  0.12393797E-03  0.17382280E-03  0.12188468E-03
  0.18783296E-03  0.13190149E-03  0.18472184E-03  0.12971626E-03
  0.19939970E-03  0.14022838E-03  0.19609701E-03  0.13790519E-03
  0.21146566E-03  0.14893066E-03  0.20796313E-03  0.14646327E-03
  0.22404636E-03  0.15802060E-03  0.22033546E-03  0.15540261E-03
  0.23715773E-03  0.16751085E-03  0.23322967E-03  0.16473561E-03
  0.25081613E-03  0.17741432E-03  0.24666186E-03  0.17447499E-03
  0.26503839E-03  0.18774429E-03  0.26064856E-03  0.18463380E-03
  0.27984181E-03  0.19851435E-03  0.27520680E-03  0.19522541E-03
  0.29524416E-03  0.20973843E-03  0.29035405E-03  0.20626352E-03
  0.31126373E-03  0.22143083E-03  0.30610830E-03  0.21776218E-03
  0.32791933E-03  0.23360617E-03  0.32248805E-03  0.22973578E-03
  0.34523032E-03  0.24627945E-03  0.33951233E-03  0.24219907E-03
  0.36321663E-03  0.25946603E-03  0.35720075E-03  0.25516715E-03
  0.38189877E-03  0.27318164E-03  0.37557348E-03  0.26865549E-03
  0.40129788E-03  0.28744241E-03  0.39465130E-03  0.28267996E-03
  0.42143573E-03  0.30226485E-03  0.41445563E-03  0.29725678E-03
  0.44233478E-03  0.31766585E-03  0.43500854E-03  0.31240259E-03
  0.46401817E-03  0.33366276E-03  0.45633281E-03  0.32813442E-03
  0.48650978E-03  0.35027329E-03  0.47845192E-03  0.34446970E-03
  0.50983427E-03  0.36751560E-03  0.50139012E-03  0.36142631E-03
  0.53401709E-03  0.38540831E-03  0.52517242E-03  0.37902252E-03
  0.55908453E-03  0.40397046E-03  0.54982471E-03  0.39727707E-03
  0.58506378E-03  0.42322153E-03  0.57537369E-03  0.41620914E-03
  0.61198294E-03  0.44318151E-03  0.60184702E-03  0.43583836E-03
  0.63987108E-03  0.46387084E-03  0.62927329E-03  0.45618484E-03
  0.66875830E-03  0.48531046E-03  0.65768209E-03  0.47726917E-03
  0.69867577E-03  0.50752180E-03  0.68710408E-03  0.49911244E-03
  0.72965579E-03  0.53052681E-03  0.71757102E-03  0.52173622E-03
  0.76173185E-03  0.55434796E-03  0.74911585E-03  0.54516261E-03
  0.79493869E-03  0.57900826E-03  0.78177273E-03  0.56941424E-03
  0.82931236E-03  0.60453126E-03  0.81557712E-03  0.59451428E-03
  0.86489032E-03  0.63094109E-03  0.85056585E-03  0.62048645E-03
  0.90171148E-03  0.65826244E-03  0.88677720E-03  0.64735502E-03
  0.93981630E-03  0.68652059E-03  0.92425094E-03  0.67514487E-03
  0.97924689E-03  0.71574141E-03  0.96302850E-03  0.70388143E-03
  0.10200471E-02  0.74595141E-03  0.10031530E-02  0.73359077E-03
  0.10622625E-02  0.77717770E-03  0.10446693E-02  0.76429955E-03
  0.11059408E-02  0.80944804E-03  0.10876242E-02  0.79603509E-03
  0.11511316E-02  0.84279086E-03  0.11320665E-02  0.82882532E-03
  0.11978867E-02  0.87723525E-03  0.11780473E-02  0.86269886E-03
  0.12462603E-02  0.91281097E-03  0.12256198E-02  0.89768497E-03
  0.12963089E-02  0.94954850E-03  0.12748394E-02  0.93381363E-03
  0.13480916E-02  0.98747900E-03  0.13257646E-02  0.97111550E-03
  0.14016704E-02  0.10266344E-02  0.13784560E-02  0.10096220E-02
  0.14571101E-02  0.10670473E-02  0.14329776E-02  0.10493651E-02
  0.15144787E-02  0.11087512E-02  0.14893960E-02  0.10903777E-02
  0.15738474E-02  0.11517802E-02  0.15477815E-02  0.11326935E-02
  0.16352910E-02  0.11961691E-02  0.16082075E-02  0.11763468E-02
  0.16988880E-02  0.12419539E-02  0.16707512E-02  0.12213727E-02
  0.17647209E-02  0.12891710E-02  0.17354938E-02  0.12678072E-02
  0.18328764E-02  0.13378577E-02  0.18025205E-02  0.13156870E-02
  0.19034459E-02  0.13880524E-02  0.18719213E-02  0.13650496E-02
  0.19765255E-02  0.14397939E-02  0.19437905E-02  0.14159335E-02
  0.20522165E-02  0.14931222E-02  0.20182279E-02  0.14683779E-02
  0.21306255E-02  0.15480780E-02  0.20953383E-02  0.15224228E-02
  0.22118653E-02  0.16047030E-02  0.21752326E-02  0.15781092E-02
  0.22960547E-02  0.16630397E-02  0.22580276E-02  0.16354788E-02
  0.23833193E-02  0.17231314E-02  0.23438469E-02  0.16945744E-02
  0.24737918E-02  0.17850224E-02  0.24328210E-02  0.17554395E-02
  0.25676125E-02  0.18487579E-02  0.25250878E-02  0.18181185E-02
  0.26649299E-02  0.19143841E-02  0.26207933E-02  0.18826568E-02
  0.27659011E-02  0.19819479E-02  0.27200922E-02  0.19491006E-02
  0.28706925E-02  0.20514973E-02  0.28231480E-02  0.20174970E-02
  0.29794805E-02  0.21230811E-02  0.29301341E-02  0.20878941E-02
  0.30924520E-02  0.21967490E-02  0.30412344E-02  0.21603407E-02
  0.32098051E-02  0.22725518E-02  0.31566438E-02  0.22348867E-02
  0.33317502E-02  0.23505409E-02  0.32765691E-02  0.23115829E-02
  0.34585103E-02  0.24307689E-02  0.34012296E-02  0.23904808E-02
  0.35903223E-02  0.25132891E-02  0.35308583E-02  0.24716328E-02
  0.37274377E-02  0.25981558E-02  0.36657026E-02  0.25550924E-02
  0.38701237E-02  0.26854241E-02  0.38060251E-02  0.26409137E-02
  0.40186639E-02  0.27751500E-02  0.39521049E-02  0.27291518E-02
  0.41733599E-02  0.28673902E-02  0.41042384E-02  0.28198625E-02
  0.43345321E-02  0.29622023E-02  0.42627409E-02  0.29131025E-02
  0.45025211E-02  0.30596449E-02  0.44279471E-02  0.30089292E-02
  0.46776886E-02  0.31597770E-02  0.46002130E-02  0.31074007E-02
  0.48604195E-02  0.32626585E-02  0.47799168E-02  0.32085761E-02
  0.50511226E-02  0.33683501E-02  0.49674608E-02  0.33125147E-02
  0.52502326E-02  0.34769129E-02  0.51632724E-02  0.34192770E-02
  0.54582113E-02  0.35884088E-02  0.53678056E-02  0.35289236E-02
  0.56755496E-02  0.37029002E-02  0.55815434E-02  0.36415159E-02
  0.59027691E-02  0.38204500E-02  0.58049987E-02  0.37571158E-02
  0.61404241E-02  0.39411216E-02  0.60387164E-02  0.38757855E-02
  0.63891031E-02  0.40649786E-02  0.62832753E-02  0.39975878E-02
  0.66494312E-02  0.41920853E-02  0.65392904E-02  0.41225857E-02
  0.69220723E-02  0.43225057E-02  0.68074142E-02  0.42508422E-02
  0.72077307E-02  0.44563045E-02  0.70883397E-02  0.43824208E-02
  0.75071541E-02  0.45935460E-02  0.73828019E-02  0.45173850E-02
  0.78211356E-02  0.47342949E-02  0.76915808E-02  0.46557980E-02
  0.81505162E-02  0.48786153E-02  0.80155035E-02  0.47977232E-02
  0.84961874E-02  0.50265715E-02  0.83554467E-02  0.49432235E-02
  0.88590941E-02  0.51782272E-02  0.87123396E-02  0.50923616E-02
  0.92402371E-02  0.53336455E-02  0.90871663E-02  0.52451997E-02
  0.96406761E-02  0.54928891E-02  0.94809691E-02  0.54017994E-02
  0.10061533E-01  0.56560199E-02  0.98948512E-02  0.55622213E-02
  0.10503995E-01  0.58230988E-02  0.10329980E-01  0.57265254E-02
  0.10969316E-01  0.59941855E-02  0.10787589E-01  0.58947704E-02
  0.11458825E-01  0.61693386E-02  0.11268983E-01  0.60670139E-02
  0.11973922E-01  0.63486151E-02  0.11775542E-01  0.62433119E-02
  0.12516089E-01  0.65320705E-02  0.12308722E-01  0.64237188E-02
  0.13086890E-01  0.67197583E-02  0.12870060E-01  0.66082873E-02
  0.13687974E-01  0.69117300E-02  0.13461179E-01  0.67970679E-02
  0.14321082E-01  0.71080347E-02  0.14083790E-01  0.69901088E-02
  0.14988048E-01  0.73087188E-02  0.14739698E-01  0.71874557E-02
  0.15690807E-01  0.75138261E-02  0.15430804E-01  0.73891516E-02
  0.16431395E-01  0.77233973E-02  0.16159111E-01  0.75952361E-02
  0.17211958E-01  0.79374693E-02  0.16926728E-01  0.78057459E-02
  0.18034753E-01  0.81560758E-02  0.17735876E-01  0.80207136E-02
  0.18902154E-01  0.83792462E-02  0.18588890E-01  0.82401682E-02
  0.19816659E-01  0.86070055E-02  0.19488225E-01  0.84641342E-02
  0.20780893E-01  0.88393741E-02  0.20436461E-01  0.86926315E-02
  0.21797612E-01  0.90763673E-02  0.21436311E-01  0.89256750E-02
  0.22869712E-01  0.93179950E-02  0.22490621E-01  0.91632742E-02
  0.24000233E-01  0.95642610E-02  0.23602381E-01  0.94054328E-02
  0.25192362E-01  0.98151631E-02  0.24774724E-01  0.96521484E-02
  0.26449445E-01  0.10070692E-01  0.26010939E-01  0.99034121E-02
  0.27774984E-01  0.10330833E-01  0.27314473E-01  0.10159208E-01
  0.29172653E-01  0.10595560E-01  0.28688934E-01  0.10419511E-01
  0.30646296E-01  0.10864843E-01  0.30138105E-01  0.10684292E-01
  0.32199938E-01  0.11138641E-01  0.31665942E-01  0.10953509E-01
  0.33837788E-01  0.11416904E-01  0.33276583E-01  0.11227115E-01
  0.35564248E-01  0.11699574E-01  0.34974357E-01  0.11505049E-01
  0.37383917E-01  0.11986581E-01  0.36763786E-01  0.11787245E-01
  0.39301601E-01  0.12277846E-01  0.38649594E-01  0.12073623E-01
  0.41322313E-01  0.12573277E-01  0.40636711E-01  0.12364093E-01
  0.43451286E-01  0.12872770E-01  0.42730280E-01  0.12658553E-01
  0.45693974E-01  0.13176212E-01  0.44935665E-01  0.12956889E-01
  0.48056062E-01  0.13483473E-01  0.47258452E-01  0.13258975E-01
  0.50543468E-01  0.13794411E-01  0.49704462E-01  0.13564671E-01
  0.53162352E-01  0.14108870E-01  0.52279747E-01  0.13873821E-01
  0.55919117E-01  0.14426679E-01  0.54990605E-01  0.14186257E-01
  0.58820420E-01  0.14747651E-01  0.57843577E-01  0.14501796E-01
  0.61873173E-01  0.15071584E-01  0.60845457E-01  0.14820236E-01
  0.65084546E-01  0.15398258E-01  0.64003294E-01  0.15141362E-01
  0.68461973E-01  0.15727437E-01  0.67324395E-01  0.15464939E-01
  0.72013156E-01  0.16058865E-01  0.70816327E-01  0.15790718E-01
  0.75746064E-01  0.16392271E-01  0.74486924E-01  0.16118427E-01
  0.79668939E-01  0.16727362E-01  0.78344285E-01  0.16447780E-01
  0.83790293E-01  0.17063827E-01  0.82396774E-01  0.16778468E-01
  0.88118911E-01  0.17401333E-01  0.86653024E-01  0.17110163E-01
  0.92663848E-01  0.17739528E-01  0.91121932E-01  0.17442519E-01
  0.97434430E-01  0.18078039E-01  0.95812659E-01  0.17775166E-01
  0.10244025      0.18416470E-01  0.10073463      0.18107714E-01
  0.10769115      0.18754405E-01  0.10589751      0.18439751E-01
  0.11319724      0.19091404E-01  0.11131123      0.18770844E-01
  0.11896887      0.19427005E-01  0.11698597      0.19100537E-01
  0.12501663      0.19760725E-01  0.12293211      0.19428351E-01
  0.13135135      0.20092055E-01  0.12916028      0.19753786E-01
  0.13798404      0.20420466E-01  0.13568131      0.20076317E-01
  0.14492594      0.20745405E-01  0.14250621      0.20395399E-01
  0.15218845      0.21066294E-01  0.14964618      0.20710462E-01
  0.15978314      0.21382537E-01  0.15711258      0.21020915E-01
  0.16772170      0.21693512E-01  0.16491687      0.21326145E-01
  0.17601597      0.21998577E-01  0.17307064      0.21625516E-01
  0.18467782      0.22297068E-01  0.18158557      0.21918374E-01
  0.19371922      0.22588301E-01  0.19047336      0.22204041E-01
  0.20315212      0.22871573E-01  0.19974574      0.22481822E-01
  0.21298848      0.23146161E-01  0.20941440      0.22751002E-01
  0.22324016      0.23411326E-01  0.21949098      0.23010850E-01
  0.23391896      0.23666310E-01  0.22998700      0.23260618E-01
  0.24503647      0.23910344E-01  0.24091381      0.23499543E-01
  0.25660412      0.24142645E-01  0.25228257      0.23726850E-01
  0.26863304      0.24362415E-01  0.26410415      0.23941750E-01
  0.28113405      0.24568853E-01  0.27638911      0.24143449E-01
  0.29411758      0.24761145E-01  0.28914760      0.24331140E-01
  0.30759359      0.24938475E-01  0.30238932      0.24504016E-01
  0.32157152      0.25100024E-01  0.31612342      0.24661265E-01
  0.33606019      0.25244973E-01  0.33035847      0.24802073E-01
  0.35106773      0.25372506E-01  0.34510232      0.24925632E-01
  0.36660151      0.25481814E-01  0.36036205      0.25031137E-01
  0.38266801      0.25572093E-01  0.37614386      0.25117792E-01
  0.39927276      0.25642556E-01  0.39245303      0.25184814E-01
  0.41642024      0.25692429E-01  0.40929375      0.25231433E-01
  0.43411377      0.25720957E-01  0.42666905      0.25256898E-01
  0.45235542      0.25727409E-01  0.44458072      0.25260481E-01
  0.47114586      0.25711082E-01  0.46302917      0.25241480E-01
  0.49048432      0.25671302E-01  0.48201334      0.25199224E-01
  0.51036843      0.25607433E-01  0.50153057      0.25133076E-01
  0.53079411      0.25518878E-01  0.52157651      0.25042440E-01
  0.55175548      0.25405086E-01  0.54214500      0.24926763E-01
  0.57324473      0.25265557E-01  0.56322794      0.24785542E-01
  0.59525201      0.25099845E-01  0.58481518      0.24618327E-01
  0.61776533      0.24907566E-01  0.60689446      0.24424730E-01
  0.64077044      0.24688403E-01  0.62945122      0.24204426E-01
  0.66425075      0.24442107E-01  0.65246856      0.23957160E-01
  0.68818720      0.24168507E-01  0.67592711      0.23682750E-01
  0.71255818      0.23867511E-01  0.69980495      0.23381096E-01
  0.73733948      0.23539112E-01  0.72407752      0.23052178E-01
  0.76250417      0.23183391E-01  0.74871753      0.22696064E-01
  0.78802253      0.22800521E-01  0.77369491      0.22312912E-01
  0.81386204      0.22390767E-01  0.79897674      0.21902970E-01
  0.83998730      0.21954490E-01  0.82452719      0.21466585E-01
  0.86635999      0.21492149E-01  0.85030752      0.21004194E-01
  0.89293886      0.21004301E-01  0.87627599      0.20516333E-01
  0.91967973      0.20491597E-01  0.90238791      0.20003636E-01
  0.94653549      0.19954789E-01  0.92859561      0.19466830E-01
  0.97345610      0.19394722E-01  0.95484845      0.18906739E-01
   1.0003887      0.18812338E-01  0.98109286      0.18324278E-01
   1.0272775      0.18208670E-01   1.0072724      0.17720457E-01
   1.0540640      0.17584839E-01   1.0333278      0.17096374E-01
   1.0806871      0.16942057E-01   1.0591971      0.16453212E-01
   1.1070831      0.16281617E-01   1.0848156      0.15792241E-01
   1.1331859      0.15604896E-01   1.1101163      0.15114812E-01
   1.1589271      0.14913349E-01   1.1350295      0.14422354E-01
   1.1842362      0.14208505E-01   1.1594837      0.13716371E-01
   1.2090408      0.13491966E-01   1.1834051      0.12998442E-01
   1.2332668      0.12765404E-01   1.2067182      0.12270213E-01
   1.2568387      0.12030555E-01   1.2293460      0.11533399E-01
   1.2796800      0.11289218E-01   1.2512104      0.10789776E-01
   1.3017133      0.10543250E-01   1.2722319      0.10041181E-01
   1.3228607      0.97945618E-02   1.2923310      0.92895046E-02
   1.3430443      0.90451137E-02   1.3114274      0.85366898E-02
   1.3621864      0.82969093E-02   1.3294414      0.77847236E-02
   1.3802103      0.75519884E-02   1.3462938      0.70356310E-02
   1.3970403      0.68124193E-02   1.3619065      0.62914672E-02
   1.4126027      0.60802884E-02   1.3762028      0.55543078E-02
   1.4268260      0.53576892E-02   1.3891083      0.48262370E-02
   1.4396415      0.46467080E-02   1.4005513      0.41093342E-02
   1.4509840      0.39494086E-02   1.4104631      0.34056588E-02
   1.4607919      0.32678150E-02   1.4187789      0.27172326E-02
   1.4690084      0.26038915E-02   1.4254380      0.20460207E-02
   1.4755815      0.19595233E-02   1.4303845      0.13939119E-02
   1.4804646      0.13364953E-02   1.4335677      0.76269796E-03
   1.4836171      0.73647255E-03   1.4349426      0.15405446E-03
   1.4850043      0.16098321E-03   1.4344702     -0.43047642E-03
   1.4845984     -0.38859554E-03   1.4321179     -0.98949958E-03
   1.4823780     -0.91104615E-03   1.4278594     -0.15217757E-02
   1.4783292     -0.14053138E-02   1.4216757     -0.20262246E-02
   1.4724448     -0.18705035E-02   1.4135546     -0.25019228E-02
   1.4647254     -0.23058732E-02   1.4034910     -0.29480971E-02
   1.4551789     -0.27108230E-02   1.3914875     -0.33641151E-02
   1.4438211     -0.30848856E-02   1.3775541     -0.37494759E-02
   1.4306755     -0.34277174E-02   1.3617087     -0.41038031E-02
   1.4157740     -0.37390950E-02   1.3439771     -0.44268419E-02
   1.3991565     -0.40189161E-02   1.3243931     -0.47184605E-02
   1.3808713     -0.42672047E-02   1.3029990     -0.49786568E-02
   1.3609751     -0.44841203E-02   1.2798449     -0.52075673E-02
   1.3395328     -0.46699680E-02   1.2549891     -0.54054777E-02
   1.3166173     -0.48252089E-02   1.2284981     -0.55728337E-02
   1.2923093     -0.49504682E-02   1.2004453     -0.57102481E-02
   1.2666966     -0.50465398E-02   1.1709117     -0.58185062E-02
   1.2398738     -0.51143870E-02   1.1399842     -0.58985654E-02
   1.2119413     -0.51551382E-02   1.1077555     -0.59515509E-02
   1.1830044     -0.51700783E-02   1.0743231     -0.59787465E-02
   1.1531727     -0.51606349E-02   1.0397882     -0.59815808E-02
   1.1225588     -0.51283615E-02   1.0042550     -0.59616098E-02
   1.0912777     -0.50749172E-02  0.96782914     -0.59204964E-02
   1.0594450     -0.50020438E-02  0.93061725     -0.58599873E-02
   1.0271768     -0.49115424E-02  0.89272544     -0.57818893E-02
  0.99458792     -0.48052480E-02  0.85425846     -0.56880442E-02
  0.96179141     -0.46850055E-02  0.81531869     -0.55803045E-02
  0.92889750     -0.45526463E-02  0.77600527     -0.54605107E-02
  0.89601283     -0.44099661E-02  0.73641319     -0.53304688E-02
  0.86323975     -0.42587061E-02  0.69663265     -0.51919317E-02
  0.83067574     -0.41005348E-02  0.65674834     -0.50465825E-02
  0.79841288     -0.39370345E-02  0.61683892     -0.48960199E-02
  0.76653747     -0.37696893E-02  0.57697659     -0.47417479E-02
  0.73512976     -0.35998771E-02  0.53722670     -0.45851677E-02
  0.70426373     -0.34288631E-02  0.49764747     -0.44275723E-02
  0.67400698     -0.32577976E-02  0.45828982     -0.42701440E-02
  0.64442075     -0.30877150E-02  0.41919724     -0.41139540E-02
  0.61555989     -0.29195352E-02  0.38040567     -0.39599644E-02
  0.58747301     -0.27540669E-02  0.34194352     -0.38090316E-02
  0.56020261     -0.25920128E-02  0.30383163     -0.36619105E-02
  0.53378527     -0.24339747E-02  0.26608331     -0.35192600E-02
  0.50825182     -0.22804608E-02  0.22870439     -0.33816496E-02
  0.48362762     -0.21318923E-02  0.19169326     -0.32495644E-02
  0.45993273     -0.19886114E-02  0.15504096     -0.31234119E-02
  0.43718220     -0.18508878E-02  0.11873124     -0.30035271E-02
  0.41538629     -0.17189263E-02  0.82740645E-01 -0.28901773E-02
  0.39455070     -0.15928734E-02  0.47038641E-01 -0.27835664E-02
  0.37467678     -0.14728236E-02  0.11587741E-01 -0.26838382E-02
  0.35576181     -0.13588249E-02 -0.23656315E-01 -0.25910788E-02
  0.33779917     -0.12508840E-02 -0.58744332E-01 -0.25053184E-02
  0.32077857     -0.11489712E-02 -0.93733364E-01 -0.24265322E-02
  0.30468629     -0.10530244E-02 -0.12868635     -0.23546411E-02
  0.28950539     -0.96295338E-03 -0.16367162     -0.22895115E-02
  0.27521589     -0.87864313E-03 -0.19876236     -0.22309551E-02
  0.26179505     -0.79995805E-03 -0.23403585     -0.21787273E-02
  0.24921750     -0.72674545E-03 -0.26957263     -0.21325258E-02
  0.23745544     -0.65883947E-03 -0.30545541     -0.20919875E-02
  0.22647883     -0.59606498E-03 -0.34176782     -0.20566842E-02
  0.21625543     -0.53824154E-03 -0.37859279     -0.20261165E-02
  0.20675096     -0.48518731E-03 -0.41601062     -0.19997047E-02
  0.19792903     -0.43672290E-03 -0.45409661     -0.19767780E-02
  0.18975116     -0.39267487E-03 -0.49291802     -0.19565592E-02
  0.18217660     -0.35287904E-03 -0.53253044     -0.19381475E-02
  0.17516217     -0.31718332E-03 -0.57297317     -0.19204964E-02
  0.16866198     -0.28545080E-03 -0.61426359     -0.19023893E-02
  0.16262701     -0.25755939E-03 -0.65639026     -0.18824118E-02
  0.15700476     -0.23340511E-03 -0.69930443     -0.18589215E-02
POT:
  331    1     0.03000     2.83154
 1.729525684D+02 1.733144037D+02 1.736930590D+02 1.739165270D+02 1.740778035D+02
 1.742076646D+02 1.743155370D+02 1.744086081D+02 1.744908667D+02 1.745649113D+02
 1.746325189D+02 1.746949571D+02 1.747531615D+02 1.748078434D+02 1.748595559D+02
 1.749087381D+02 1.749557444D+02 1.750008655D+02 1.750443427D+02 1.750863787D+02
 1.751271458D+02 1.751667917D+02 1.752054440D+02 1.752432139D+02 1.752801993D+02
 1.753164864D+02 1.753521522D+02 1.753872655D+02 1.754218882D+02 1.754560764D+02
 1.754898810D+02 1.755233487D+02 1.755565222D+02 1.755894410D+02 1.756221417D+02
 1.756546583D+02 1.756870226D+02 1.757192642D+02 1.757514112D+02 1.757834901D+02
 1.758155259D+02 1.758475423D+02 1.758795622D+02 1.759116071D+02 1.759436979D+02
 1.759758545D+02 1.760080964D+02 1.760404420D+02 1.760729095D+02 1.761055163D+02
 1.761382795D+02 1.761712156D+02 1.762043410D+02 1.762376713D+02 1.762712221D+02
 1.763050085D+02 1.763390455D+02 1.763733477D+02 1.764079294D+02 1.764428048D+02
 1.764779879D+02 1.765134922D+02 1.765493314D+02 1.765855185D+02 1.766220668D+02
 1.766589891D+02 1.766962980D+02 1.767340059D+02 1.767721251D+02 1.768106675D+02
 1.768496448D+02 1.768890684D+02 1.769289496D+02 1.769692992D+02 1.770101278D+02
 1.770514455D+02 1.770932623D+02 1.771355875D+02 1.771784302D+02 1.772217989D+02
 1.772657017D+02 1.773101460D+02 1.773551388D+02 1.774006863D+02 1.774467942D+02
 1.774934673D+02 1.775407096D+02 1.775885244D+02 1.776369140D+02 1.776858795D+02
 1.777354213D+02 1.777855384D+02 1.778362287D+02 1.778874887D+02 1.779393136D+02
 1.779916969D+02 1.780446307D+02 1.780981052D+02 1.781521090D+02 1.782066286D+02
 1.782616483D+02 1.783171505D+02 1.783731150D+02 1.784295191D+02 1.784863376D+02
 1.785435425D+02 1.786011026D+02 1.786589838D+02 1.787171486D+02 1.787755558D+02
 1.788341608D+02 1.788929149D+02 1.789517652D+02 1.790106547D+02 1.790695217D+02
 1.791282996D+02 1.791869168D+02 1.792452967D+02 1.793033567D+02 1.793610088D+02
 1.794181588D+02 1.794747059D+02 1.795305432D+02 1.795855565D+02 1.796396246D+02
 1.796926188D+02 1.797444026D+02 1.797948316D+02 1.798437530D+02 1.798910052D+02
 1.799364179D+02 1.799798117D+02 1.800209973D+02 1.800597761D+02 1.800959393D+02
 1.801292678D+02 1.801595320D+02 1.801864917D+02 1.802098957D+02 1.802294817D+02
 1.802449760D+02 1.802560938D+02 1.802625385D+02 1.802640020D+02 1.802601646D+02
 1.802506952D+02 1.802352508D+02 1.802134772D+02 1.801850088D+02 1.801494689D+02
 1.801064702D+02 1.800556145D+02 1.799964940D+02 1.799286910D+02 1.798517788D+02
 1.797653223D+02 1.796688788D+02 1.795619986D+02 1.794442260D+02 1.793151005D+02
 1.791741574D+02 1.790209294D+02 1.788549479D+02 1.786757439D+02 1.784828499D+02
 1.782758015D+02 1.780541386D+02 1.778174077D+02 1.775651632D+02 1.772969696D+02
 1.770124032D+02 1.767110545D+02 1.763925297D+02 1.760564531D+02 1.757024688D+02
 1.753302433D+02 1.749394667D+02 1.745298555D+02 1.741011535D+02 1.736531343D+02
 1.731856023D+02 1.726983944D+02 1.721913808D+02 1.716644664D+02 1.711175910D+02
 1.705507295D+02 1.699638922D+02 1.693571240D+02 1.687305032D+02 1.680841409D+02
 1.674181782D+02 1.667327843D+02 1.660281532D+02 1.653045006D+02 1.645620594D+02
 1.638010755D+02 1.630218028D+02 1.622244977D+02 1.614094138D+02 1.605767955D+02
 1.597268730D+02 1.588598562D+02 1.579759297D+02 1.570752487D+02 1.561579355D+02
 1.552240775D+02 1.542737272D+02 1.533069042D+02 1.523235990D+02 1.513237802D+02
 1.503074039D+02 1.492744252D+02 1.482248122D+02 1.471585614D+02 1.460757135D+02
 1.449763681D+02 1.438606973D+02 1.427289549D+02 1.415814822D+02 1.404187077D+02
 1.392411406D+02 1.380493597D+02 1.368439964D+02 1.356257143D+02 1.343951867D+02
 1.331530733D+02 1.318999992D+02 1.306365357D+02 1.293631865D+02 1.280803782D+02
 1.267884560D+02 1.254876854D+02 1.241782580D+02 1.228603025D+02 1.215338988D+02
 1.201990941D+02 1.188559224D+02 1.175044233D+02 1.161446615D+02 1.147767455D+02
 1.134008450D+02 1.120172060D+02 1.106261634D+02 1.092281507D+02 1.078237062D+02
 1.064134757D+02 1.049982115D+02 1.035787670D+02 1.021560880D+02 1.007311994D+02
 9.930518948D+01 9.787918900D+01 9.645434884D+01 9.503181421D+01 9.361269744D+01
 9.219804962D+01 9.078883254D+01 8.938589221D+01 8.798993583D+01 8.660151439D+01
 8.522101348D+01 8.384865519D+01 8.248451363D+01 8.112854612D+01 7.978064004D+01
 7.844067283D+01 7.710857885D+01 7.578441337D+01 7.446840181D+01 7.316096328D+01
 7.186270164D+01 7.057436461D+01 6.929677868D+01 6.803077270D+01 6.677710404D+01
 6.553639889D+01 6.430911307D+01 6.309551504D+01 6.189568885D+01 6.070955252D+01
 5.953688673D+01 5.837736911D+01 5.723061020D+01 5.609618814D+01 5.497368009D+01
 5.386268937D+01 5.276286732D+01 5.167393009D+01 5.059567021D+01 4.952796325D+01
 4.847077017D+01 4.742413570D+01 4.638818348D+01 4.536310844D+01 4.434916712D+01
 4.334666641D+01 4.235595136D+01 4.137739246D+01 4.041137302D+01 3.945827681D+01
 3.851847656D+01 3.759232349D+01 3.668013809D+01 3.578220247D+01 3.489875426D+01
 3.402998234D+01 3.317602439D+01 3.233696624D+01 3.151284310D+01 3.070364262D+01
 2.990930950D+01 2.912975144D+01 2.836484616D+01 2.761444862D+01 2.687839822D+01
 2.615652478D+01 2.544865304D+01 2.475460490D+01 2.407419933D+01 2.340725015D+01
 2.275356203D+01 2.211292571D+01 2.148511309D+01 2.086987290D+01 2.026692776D+01
 1.967597262D+01 1.909667484D+01 1.852867582D+01 1.797159365D+01 1.742502756D+01
 1.688856237D+01

PPAR:  Mn2   VES= -0.000140
 L       ENU        C       +/-DEL   1/SQRT(P)     GAMMA      ALPHA
 0 -0.4606384 -0.2992095 -0.1727870  4.4481571  0.4489001  0.4489001
 1 -0.3285371  0.6109677  0.1756245  5.8322672  0.1316267  0.1316267
 2 -0.1921013 -0.1102268  0.0175442  0.7523533  0.0015485  0.0015485
