GENERAL: LMX=2  NSPIN=1   WSR= 2.576304  REL=T  NR=333  A=.030
   Z=28  QC=18  QTOT=-0.105208

 ETOT  =  -3037.6188498  EKIN =    3083.7986660  UTOT =  -6121.4134225
 EMAD  =     -0.0040933  SUMEC=   -1758.4383624  SUMEV=     -2.3691203
 RHOV  =  -4844.6061486  UNUCL=   -7312.4423680  UELEC=   1314.1928173
 RHOEPS=   -123.1638717  REPSNL=      0.0000000  RHOMU=   -162.7199696
 RMUNL =      0.0000000

MOMNTS:  Ni    VRMAX= -0.779639
 L      PL         Q0         Q1         Q2   IDMOD     DL
 0  4.6807976  0.5965966 -0.0172415  0.0223717  0  -0.6381400
 1  4.4110594  0.6615265 -0.0003453  0.0178203  0   0.2869211
 2  3.8576880  8.6366692  0.0317860  0.0573211  0  -2.0856509
COR:
  333    1     0.03000    5
 0.000000000D+00 3.827132745D-06 1.531375275D-05 3.489375991D-05 6.314069820D-05
 1.006871830D-04 1.482512091D-04 2.065989938D-04 2.765580962D-04 3.590165269D-04
 4.549253398D-04 5.653016853D-04 6.912322676D-04 8.338771796D-04 9.944740816D-04
 1.174342706D-03 1.374889686D-03 1.597613710D-03 1.844111014D-03 2.116081214D-03
 2.415333504D-03 2.743793230D-03 3.103508857D-03 3.496659357D-03 3.925562024D-03
 4.392680758D-03 4.900634826D-03 5.452208137D-03 6.050359055D-03 6.698230773D-03
 7.399162288D-03 8.156700004D-03 8.974609998D-03 9.856890979D-03 1.080778799D-02
 1.183180688D-02 1.293372960D-02 1.411863031D-02 1.539189249D-02 1.675922689D-02
 1.822669056D-02 1.980070688D-02 2.148808671D-02 2.329605073D-02 2.523225299D-02
 2.730480568D-02 2.952230533D-02 3.189386037D-02 3.442912022D-02 3.713830586D-02
 4.003224209D-02 4.312239149D-02 4.642089011D-02 4.994058511D-02 5.369507430D-02
 5.769874775D-02 6.196683151D-02 6.651543360D-02 7.136159231D-02 7.652332691D-02
 8.201969091D-02 8.787082800D-02 9.409803063D-02 1.007238015D-01 1.077719182D-01
 1.152675005D-01 1.232370810D-01 1.317086797D-01 1.407118809D-01 1.502779145D-01
 1.604397403D-01 1.712321369D-01 1.826917936D-01 1.948574069D-01 2.077697807D-01
 2.214719308D-01 2.360091939D-01 2.514293407D-01 2.677826934D-01 2.851222482D-01
 3.035038015D-01 3.229860819D-01 3.436308854D-01 3.655032168D-01 3.886714344D-01
 4.132074001D-01 4.391866338D-01 4.666884725D-01 4.957962333D-01 5.265973808D-01
 5.591836989D-01 5.936514655D-01 6.301016316D-01 6.686400032D-01 7.093774253D-01
 7.524299695D-01 7.979191219D-01 8.459719736D-01 8.967214104D-01 9.503063029D-01
 1.006871695D+00 1.066568992D+00 1.129556141D+00 1.195997813D+00 1.266065573D+00
 1.339938048D+00 1.417801083D+00 1.499847888D+00 1.586279170D+00 1.677303253D+00
 1.773136178D+00 1.874001788D+00 1.980131784D+00 2.091765761D+00 2.209151215D+00
 2.332543513D+00 2.462205836D+00 2.598409073D+00 2.741431681D+00 2.891559486D+00
 3.049085442D+00 3.214309326D+00 3.387537369D+00 3.569081824D+00 3.759260451D+00
 3.958395936D+00 4.166815205D+00 4.384848659D+00 4.612829305D+00 4.851091780D+00
 5.099971262D+00 5.359802258D+00 5.630917275D+00 5.913645339D+00 6.208310394D+00
 6.515229533D+00 6.834711093D+00 7.167052574D+00 7.512538409D+00 7.871437545D+00
 8.244000869D+00 8.630458444D+00 9.031016568D+00 9.445854660D+00 9.875121957D+00
 1.031893405D+01 1.077736922D+01 1.125046465D+01 1.173821246D+01 1.224055559D+01
 1.275738355D+01 1.328852813D+01 1.383375892D+01 1.439277885D+01 1.496521967D+01
 1.555063743D+01 1.614850803D+01 1.675822282D+01 1.737908443D+01 1.801030268D+01
 1.865099084D+01 1.930016217D+01 1.995672690D+01 2.061948967D+01 2.128714751D+01
 2.195828852D+01 2.263139127D+01 2.330482505D+01 2.397685109D+01 2.464562478D+01
 2.530919913D+01 2.596552940D+01 2.661247918D+01 2.724782789D+01 2.786927986D+01
 2.847447507D+01 2.906100159D+01 2.962640986D+01 3.016822875D+01 3.068398359D+01
 3.117121597D+01 3.162750548D+01 3.205049326D+01 3.243790723D+01 3.278758900D+01
 3.309752224D+01 3.336586228D+01 3.359096674D+01 3.377142690D+01 3.390609950D+01
 3.399413840D+01 3.403502593D+01 3.402860325D+01 3.397509919D+01 3.387515706D+01
 3.372985878D+01 3.354074559D+01 3.330983481D+01 3.303963183D+01 3.273313664D+01
 3.239384435D+01 3.202573877D+01 3.163327876D+01 3.122137648D+01 3.079536728D+01
 3.036097078D+01 2.992424275D+01 2.949151797D+01 2.906934381D+01 2.866440494D+01
 2.828343945D+01 2.793314725D+01 2.762009122D+01 2.735059260D+01 2.713062162D+01
 2.696568503D+01 2.686071229D+01 2.681994231D+01 2.684681292D+01 2.694385534D+01
 2.711259602D+01 2.735346833D+01 2.766573666D+01 2.804743533D+01 2.849532468D+01
 2.900486665D+01 2.957022183D+01 3.018426976D+01 3.083865375D+01 3.152385140D+01
 3.222927118D+01 3.294337513D+01 3.365382698D+01 3.434766473D+01 3.501149556D+01
 3.563171086D+01 3.619471810D+01 3.668718590D+01 3.709629802D+01 3.741001134D+01
 3.761731276D+01 3.770846908D+01 3.767526460D+01 3.751121957D+01 3.721178437D+01
 3.677450309D+01 3.619914119D+01 3.548777219D+01 3.464481940D+01 3.367704831D+01
 3.259350796D+01 3.140541955D+01 3.012601215D+01 2.877030677D+01 2.735485170D+01
 2.589741313D+01 2.441662717D+01 2.293162021D+01 2.146160651D+01 2.002547277D+01
 1.864136043D+01 1.732625726D+01 1.609560981D+01 1.496296855D+01 1.393967654D+01
 1.303461183D+01 1.225399210D+01 1.160124839D+01 1.107697247D+01 1.067894015D+01
 1.040221045D+01 1.023929773D+01 1.018041195D+01 1.021375950D+01 1.032589528D+01
 1.050211487D+01 1.072687420D+01 1.098422311D+01 1.125823891D+01 1.153344574D+01
 1.179520667D+01 1.203007616D+01 1.222610268D+01 1.237307305D+01 1.246269295D+01
 1.248869989D+01 1.244691040D+01 1.233519951D+01 1.215342142D+01 1.190327567D+01
 1.158812787D+01 1.121279403D+01 1.078329885D+01 1.030661797D+01 9.790414240D+00
 9.242777077D+00 8.671973297D+00 8.086216270D+00 7.493459072D+00 6.901215779D+00
 6.316413607D+00 5.745277261D+00 5.193245560D+00 4.664919322D+00 4.164038557D+00
 3.693486251D+00 3.255315486D+00 2.850796262D+00 2.480478162D+00 2.144264982D+00
 1.841497529D+00 1.571040989D+00 1.331373582D+00 1.120673618D+00 9.369024660D-01
 7.778814497D-01 6.413611477D-01 5.250820469D-01 4.268259549D-01 3.444579837D-01
 2.759592820D-01 2.194509958D-01 1.732101775D-01 1.356785390D-01 1.054650534D-01
 8.134346040D-02 6.224572982D-02 4.725248919D-02 3.558134159D-02 2.657389737D-02
 1.968222438D-02 1.445525165D-02 1.052568587D-02
SUMEC
 0.000000000D+00
EC
-6.016512504D+02-7.144686776D+01-7.586124502D+00-6.147014865D+01-4.708162619D+00
PHI:
  333    1    2     0.03000     0.00012
        G1              G2              GP1              GP2
     SPIN 1  L=0
   13.351319      -1.3785518       3.3714611     -0.34811044    
   13.153304      -1.3581063       3.3214585     -0.34294757    
   13.037091      -1.3461070       3.2921125     -0.33991753    
   12.953705      -1.3375366       3.2710560     -0.33775341    
   12.887086      -1.3307490       3.2542333     -0.33603957    
   12.831907      -1.3251060       3.2402995     -0.33461469    
   12.784463      -1.3202596       3.2283191     -0.33339096    
   12.742663      -1.3159925       3.2177638     -0.33231352    
   12.705148      -1.3121667       3.2082905     -0.33134751    
   12.670992      -1.3086874       3.1996653     -0.33046899    
   12.639534      -1.3054869       3.1917215     -0.32966089    
   12.610287      -1.3025154       3.1843360     -0.32891059    
   12.582881      -1.2997348       3.1774155     -0.32820853    
   12.557029      -1.2971157       3.1708874     -0.32754725    
   12.532504      -1.2946348       3.1646943     -0.32692084    
   12.509121      -1.2922730       3.1587897     -0.32632454    
   12.486731      -1.2900151       3.1531357     -0.32575445    
   12.465208      -1.2878481       3.1477007     -0.32520734    
   12.444448      -1.2857614       3.1424583     -0.32468050    
   12.424362      -1.2837458       3.1373860     -0.32417162    
   12.404873      -1.2817935       3.1324648     -0.32367873    
   12.385917      -1.2798979       3.1276778     -0.32320015    
   12.367435      -1.2780530       3.1230108     -0.32273438    
   12.349378      -1.2762538       3.1184511     -0.32228015    
   12.331702      -1.2744957       3.1139874     -0.32183630    
   12.314366      -1.2727747       3.1096098     -0.32140183    
   12.297337      -1.2710873       3.1053095     -0.32097585    
   12.280582      -1.2694302       3.1010784     -0.32055753    
   12.264072      -1.2678007       3.0969094     -0.32014615    
   12.247783      -1.2661959       3.0927959     -0.31974105    
   12.231689      -1.2646137       3.0887319     -0.31934163    
   12.215770      -1.2630517       3.0847120     -0.31894734    
   12.200005      -1.2615081       3.0807310     -0.31855767    
   12.184376      -1.2599809       3.0767843     -0.31817217    
   12.168866      -1.2584684       3.0728675     -0.31779039    
   12.153458      -1.2569692       3.0689766     -0.31741194    
   12.138138      -1.2554816       3.0651078     -0.31703645    
   12.122891      -1.2540043       3.0612576     -0.31666356    
   12.107703      -1.2525360       3.0574224     -0.31629296    
   12.092563      -1.2510755       3.0535992     -0.31592432    
   12.077459      -1.2496216       3.0497848     -0.31555736    
   12.062378      -1.2481732       3.0459765     -0.31519179    
   12.047309      -1.2467293       3.0421713     -0.31482735    
   12.032242      -1.2452889       3.0383666     -0.31446380    
   12.017168      -1.2438509       3.0345598     -0.31410088    
   12.002075      -1.2424145       3.0307484     -0.31373836    
   11.986954      -1.2409788       3.0269300     -0.31337602    
   11.971796      -1.2395429       3.0231022     -0.31301363    
   11.956592      -1.2381060       3.0192627     -0.31265099    
   11.941332      -1.2366672       3.0154092     -0.31228789    
   11.926009      -1.2352258       3.0115396     -0.31192414    
   11.910612      -1.2337809       3.0076516     -0.31155952    
   11.895135      -1.2323319       3.0037430     -0.31119385    
   11.879567      -1.2308779       2.9998118     -0.31082694    
   11.863902      -1.2294183       2.9958558     -0.31045860    
   11.848130      -1.2279522       2.9918729     -0.31008865    
   11.832243      -1.2264790       2.9878610     -0.30971690    
   11.816233      -1.2249979       2.9838180     -0.30934317    
   11.800092      -1.2235082       2.9797418     -0.30896728    
   11.783811      -1.2220092       2.9756304     -0.30858906    
   11.767383      -1.2205003       2.9714817     -0.30820831    
   11.750798      -1.2189806       2.9672934     -0.30782487    
   11.734048      -1.2174494       2.9630635     -0.30743855    
   11.717125      -1.2159062       2.9587900     -0.30704916    
   11.700021      -1.2143500       2.9544705     -0.30665654    
   11.682726      -1.2127803       2.9501030     -0.30626050    
   11.665232      -1.2111962       2.9456852     -0.30586084    
   11.647531      -1.2095971       2.9412149     -0.30545740    
   11.629612      -1.2079822       2.9366900     -0.30504998    
   11.611468      -1.2063507       2.9321079     -0.30463839    
   11.593089      -1.2047019       2.9274666     -0.30422244    
   11.574466      -1.2030351       2.9227636     -0.30380193    
   11.555590      -1.2013494       2.9179965     -0.30337668    
   11.536450      -1.1996441       2.9131629     -0.30294648    
   11.517036      -1.1979183       2.9082604     -0.30251114    
   11.497340      -1.1961713       2.9032863     -0.30207043    
   11.477351      -1.1944022       2.8982383     -0.30162417    
   11.457058      -1.1926101       2.8931136     -0.30117213    
   11.436452      -1.1907943       2.8879096     -0.30071410    
   11.415520      -1.1889539       2.8826236     -0.30024985    
   11.394254      -1.1870879       2.8772528     -0.29977918    
   11.372640      -1.1851955       2.8717944     -0.29930184    
   11.350668      -1.1832758       2.8662456     -0.29881761    
   11.328327      -1.1813277       2.8606034     -0.29832625    
   11.305604      -1.1793504       2.8548649     -0.29782752    
   11.282487      -1.1773428       2.8490269     -0.29732117    
   11.258964      -1.1753041       2.8430863     -0.29680695    
   11.235023      -1.1732330       2.8370400     -0.29628460    
   11.210650      -1.1711287       2.8308847     -0.29575387    
   11.185832      -1.1689901       2.8246172     -0.29521448    
   11.160557      -1.1668160       2.8182339     -0.29466616    
   11.134809      -1.1646054       2.8117314     -0.29410864    
   11.108576      -1.1623572       2.8051062     -0.29354162    
   11.081843      -1.1600701       2.7983547     -0.29296482    
   11.054595      -1.1577430       2.7914732     -0.29237794    
   11.026817      -1.1553747       2.7844578     -0.29178068    
   10.998494      -1.1529641       2.7773049     -0.29117272    
   10.969611      -1.1505097       2.7700103     -0.29055376    
   10.940151      -1.1480103       2.7625701     -0.28992346    
   10.910098      -1.1454647       2.7549802     -0.28928149    
   10.879437      -1.1428715       2.7472365     -0.28862753    
   10.848149      -1.1402293       2.7393345     -0.28796121    
   10.816218      -1.1375367       2.7312700     -0.28728220    
   10.783625      -1.1347924       2.7230385     -0.28659013    
   10.750354      -1.1319947       2.7146355     -0.28588464    
   10.716385      -1.1291424       2.7060563     -0.28516535    
   10.681700      -1.1262337       2.6972962     -0.28443187    
   10.646280      -1.1232673       2.6883504     -0.28368383    
   10.610105      -1.1202415       2.6792139     -0.28292082    
   10.573156      -1.1171548       2.6698819     -0.28214243    
   10.535412      -1.1140054       2.6603491     -0.28134826    
   10.496853      -1.1107917       2.6506103     -0.28053787    
   10.457458      -1.1075120       2.6406604     -0.27971085    
   10.417205      -1.1041646       2.6304939     -0.27886674    
   10.376074      -1.1007476       2.6201053     -0.27800512    
   10.334041      -1.0972594       2.6094890     -0.27712551    
   10.291086      -1.0936980       2.5986395     -0.27622747    
   10.247183      -1.0900617       2.5875510     -0.27531051    
   10.202312      -1.0863484       2.5762176     -0.27437416    
   10.156448      -1.0825564       2.5646334     -0.27341794    
   10.109568      -1.0786835       2.5527923     -0.27244135    
   10.061647      -1.0747279       2.5406884     -0.27144389    
   10.012661      -1.0706875       2.5283154     -0.27042504    
   9.9625846      -1.0665602       2.5156670     -0.26938429    
   9.9113938      -1.0623440       2.5027370     -0.26832112    
   9.8590629      -1.0580368       2.4895188     -0.26723499    
   9.8055661      -1.0536365       2.4760062     -0.26612536    
   9.7508776      -1.0491408       2.4621924     -0.26499170    
   9.6949714      -1.0445476       2.4480709     -0.26383344    
   9.6378211      -1.0398547       2.4336350     -0.26265003    
   9.5794001      -1.0350599       2.4188781     -0.26144090    
   9.5196818      -1.0301609       2.4037934     -0.26020549    
   9.4586394      -1.0251554       2.3883741     -0.25894321    
   9.3962458      -1.0200411       2.3726133     -0.25765350    
   9.3324742      -1.0148157       2.3565043     -0.25633577    
   9.2672972      -1.0094770       2.3400402     -0.25498944    
   9.2006880      -1.0040226       2.3232141     -0.25361391    
   9.1326193     -0.99845007       2.3060192     -0.25220859    
   9.0630642     -0.99275718       2.2884486     -0.25077289    
   8.9919957     -0.98694156       2.2704956     -0.24930623    
   8.9193871     -0.98100086       2.2521534     -0.24780800    
   8.8452118     -0.97493273       2.2334151     -0.24627761    
   8.7694436     -0.96873487       2.2142743     -0.24471448    
   8.6920564     -0.96240493       2.1947243     -0.24311802    
   8.6130247     -0.95594063       2.1747586     -0.24148764    
   8.5323233     -0.94933968       2.1543709     -0.23982277    
   8.4499276     -0.94259983       2.1335549     -0.23812284    
   8.3658135     -0.93571885       2.1123045     -0.23638728    
   8.2799576     -0.92869456       2.0906138     -0.23461555    
   8.1923372     -0.92152482       2.0684771     -0.23280708    
   8.1029305     -0.91420752       2.0458888     -0.23096136    
   8.0117166     -0.90674063       2.0228437     -0.22907787    
   7.9186756     -0.89912216       1.9993366     -0.22715610    
   7.8237887     -0.89135019       1.9753628     -0.22519556    
   7.7270383     -0.88342289       1.9509179     -0.22319579    
   7.6284081     -0.87533851       1.9259977     -0.22115634    
   7.5278833     -0.86709537       1.9005984     -0.21907678    
   7.4254507     -0.85869191       1.8747167     -0.21695672    
   7.3210985     -0.85012666       1.8483496     -0.21479578    
   7.2148170     -0.84139829       1.8214946     -0.21259363    
   7.1065983     -0.83250557       1.7941497     -0.21034994    
   6.9964367     -0.82344743       1.7663135     -0.20806444    
   6.8843284     -0.81422292       1.7379849     -0.20573688    
   6.7702724     -0.80483125       1.7091637     -0.20336707    
   6.6542699     -0.79527181       1.6798501     -0.20095484    
   6.5363247     -0.78554416       1.6500451     -0.19850007    
   6.4164439     -0.77564804       1.6197505     -0.19600269    
   6.2946370     -0.76558339       1.5889686     -0.19346268    
   6.1709170     -0.75535036       1.5577028     -0.19088008    
   6.0453002     -0.74494933       1.5259570     -0.18825496    
   5.9178064     -0.73438090       1.4937364     -0.18558747    
   5.7884591     -0.72364591       1.4610467     -0.18287783    
   5.6572855     -0.71274548       1.4278948     -0.18012630    
   5.5243171     -0.70168097       1.3942888     -0.17733322    
   5.3895894     -0.69045405       1.3602375     -0.17449899    
   5.2531424     -0.67906666       1.3257511     -0.17162412    
   5.1150209     -0.66752105       1.2908408     -0.16870914    
   4.9752741     -0.65581979       1.2555191     -0.16575470    
   4.8339565     -0.64396577       1.2197998     -0.16276153    
   4.6911275     -0.63196224       1.1836977     -0.15973043    
   4.5468519     -0.61981278       1.1472295     -0.15666229    
   4.4012001     -0.60752135       1.1104127     -0.15355811    
   4.2542479     -0.59509225       1.0732666     -0.15041896    
   4.1060771     -0.58253019       1.0358118     -0.14724603    
   3.9567754     -0.56984028      0.99807066     -0.14404058    
   3.8064367     -0.55702801      0.96006674     -0.14080400    
   3.6551608     -0.54409929      0.92182541     -0.13753776    
   3.5030541     -0.53106043      0.88337356     -0.13424346    
   3.3502295     -0.51791820      0.84473976     -0.13092279    
   3.1968062     -0.50467976      0.80595420     -0.12757755    
   3.0429101     -0.49135272      0.76704877     -0.12420964    
   2.8886738     -0.47794515      0.72805702     -0.12082111    
   2.7342363     -0.46446552      0.68901423     -0.11741406    
   2.5797436     -0.45092277      0.64995734     -0.11399077    
   2.4253481     -0.43732628      0.61092500     -0.11055358    
   2.2712089     -0.42368586      0.57195751     -0.10710496    
   2.1174913     -0.41001176      0.53309686     -0.10364749    
   1.9643675     -0.39631466      0.49438664     -0.10018387    
   1.8120154     -0.38260566      0.45587203     -0.96716896E-01
   1.6606192     -0.36889629      0.41759975     -0.93249466E-01
   1.5103688     -0.35519846      0.37961801     -0.89784589E-01
   1.3614596     -0.34152450      0.34197643     -0.86325371E-01
   1.2140924     -0.32788709      0.30472597     -0.82875016E-01
   1.0684726     -0.31429926      0.26791881     -0.79436814E-01
  0.92481019     -0.30077440      0.23160831     -0.76014145E-01
  0.78331899     -0.28732617      0.19584882     -0.72610465E-01
  0.64421638     -0.27396856      0.16069560     -0.69229306E-01
  0.50772265     -0.26071576      0.12620468     -0.65874262E-01
  0.37406033     -0.24758221      0.92432656E-01 -0.62548986E-01
  0.24345359     -0.23458252      0.59436590E-01 -0.59257177E-01
  0.11612750     -0.22173144      0.27273775E-01 -0.56002574E-01
 -0.76927550E-02 -0.20904382     -0.39984428E-02 -0.52788940E-01
 -0.12778268     -0.19653456     -0.34322870E-01 -0.49620057E-01
 -0.24391939     -0.18421857     -0.63642694E-01 -0.46499708E-01
 -0.35588248     -0.17211072     -0.91901720E-01 -0.43431668E-01
 -0.46345504     -0.16022575     -0.11904462     -0.40419691E-01
 -0.56642469     -0.14857828     -0.14501717     -0.37467492E-01
 -0.66458462     -0.13718271     -0.16976659     -0.34578737E-01
 -0.75773468     -0.12605315     -0.19324172     -0.31757027E-01
 -0.84568257     -0.11520341     -0.21539341     -0.29005883E-01
 -0.92824500     -0.10464688     -0.23617477     -0.26328731E-01
  -1.0052488     -0.94396542E-01 -0.25554150     -0.23728884E-01
  -1.0765324     -0.84464819E-01 -0.27345216     -0.21209530E-01
  -1.1419467     -0.74863583E-01 -0.28986855     -0.18773714E-01
  -1.2013565     -0.65604062E-01 -0.30475598     -0.16424322E-01
  -1.2546418     -0.56696780E-01 -0.31808361     -0.14164068E-01
  -1.3016990     -0.48151502E-01 -0.32982476     -0.11995472E-01
  -1.3424418     -0.39977160E-01 -0.33995723     -0.99208496E-02
  -1.3768030     -0.32181804E-01 -0.34846358     -0.79422946E-02
  -1.4047349     -0.24772535E-01 -0.35533147     -0.60616631E-02
  -1.4262109     -0.17755451E-01 -0.36055387     -0.42805595E-02
  -1.4412261     -0.11135590E-01 -0.36412939     -0.26003226E-02
  -1.4497987     -0.49168856E-02 -0.36606246     -0.10220121E-02
  -1.4519703      0.89788531E-03 -0.36636361      0.45360294E-03
  -1.4478069      0.63071385E-02 -0.36504961      0.18260550E-02
  -1.4373994      0.11310519E-01 -0.36214365      0.30951869E-02
  -1.4208641      0.15908926E-01 -0.35767545      0.42611597E-02
  -1.3983430      0.20104537E-01 -0.35168139      0.53244577E-02
  -1.3700038      0.23900814E-01 -0.34420450      0.62858926E-02
  -1.3360401      0.27302512E-01 -0.33529454      0.71466043E-02
  -1.2966710      0.30315672E-01 -0.32500789      0.79080607E-02
  -1.2521411      0.32947603E-01 -0.31340751      0.85720544E-02
  -1.2027194      0.35206865E-01 -0.30056283      0.91406975E-02
  -1.1486989      0.37103231E-01 -0.28654950      0.96164144E-02
  -1.0903957      0.38647650E-01 -0.27144922      0.10001932E-01
  -1.0281475      0.39852195E-01 -0.25534946      0.10300266E-01
 -0.96231262      0.40730006E-01 -0.23834306      0.10514712E-01
 -0.89326833      0.41295227E-01 -0.22052795      0.10648825E-01
 -0.82140904      0.41562930E-01 -0.20200659      0.10706402E-01
 -0.74714444      0.41549041E-01 -0.18288561      0.10691467E-01
 -0.67089738      0.41270255E-01 -0.16327518      0.10608246E-01
 -0.59310156      0.40743942E-01 -0.14328846      0.10461147E-01
 -0.51419912      0.39988060E-01 -0.12304099      0.10254737E-01
 -0.43463798      0.39021051E-01 -0.10264998      0.99937154E-02
 -0.35486913      0.37861739E-01 -0.82233661E-01  0.96828913E-02
 -0.27534375      0.36529226E-01 -0.61910464E-01  0.93271543E-02
 -0.19651024      0.35042783E-01 -0.41798312E-01  0.89314484E-02
 -0.11881119      0.33421733E-01 -0.22013795E-01  0.85007431E-02
 -0.42680296E-01  0.31685344E-01 -0.26713636E-02  0.80400048E-02
  0.31460780E-01  0.29852709E-01  0.16117491E-01  0.75541670E-02
  0.10320546      0.27942627E-01  0.34245058E-01  0.70481002E-02
  0.17216531      0.25973493E-01  0.51608223E-01  0.65265821E-02
  0.23797297      0.23963178E-01  0.68109251E-01  0.59942680E-02
  0.30028498      0.21928920E-01  0.83656562E-01  0.54556613E-02
  0.35878440      0.19887216E-01  0.98165445E-01  0.49150864E-02
  0.41318331      0.17853729E-01  0.11155874      0.43766627E-02
  0.46322496      0.15843192E-01  0.12376748      0.38442805E-02
  0.50868577      0.13869339E-01  0.13473139      0.33215810E-02
  0.54937696      0.11944830E-01  0.14439947      0.28119378E-02
  0.58514598      0.10081208E-01  0.15273033      0.23184420E-02
  0.61587756      0.82888494E-02  0.15969256      0.18438908E-02
  0.64149443      0.65769387E-02  0.16526503      0.13907774E-02
  0.66195773      0.49534466E-02  0.16943698      0.96128490E-03
  0.67726706      0.34251182E-02  0.17220815      0.55728078E-03
  0.68746013      0.19974711E-02  0.17358876      0.18031497E-03
  0.69261203      0.67480078E-03  0.17359935     -0.16838064E-03
  0.69283410     -0.53980308E-03  0.17227060     -0.48788984E-03
  0.68827244     -0.16444312E-02  0.16964293     -0.77760718E-03
  0.67910595     -0.26383178E-02  0.16576613     -0.10372300E-02
  0.66554407     -0.35217919E-02  0.16069875     -0.12667473E-02
  0.64782418     -0.42962177E-02  0.15450752     -0.14664257E-02
  0.62620858     -0.49639235E-02  0.14726658     -0.16367916E-02
  0.60098139     -0.55281196E-02  0.13905671     -0.17786115E-02
  0.57244506     -0.59928082E-02  0.12996447     -0.18928686E-02
  0.54091689     -0.63626845E-02  0.12008128     -0.19807382E-02
  0.50672537     -0.66430338E-02  0.10950251     -0.20435609E-02
  0.47020650     -0.68396246E-02  0.98326561E-01 -0.20828150E-02
  0.43170024     -0.69586003E-02  0.86653880E-01 -0.21000884E-02
  0.39154695     -0.70063735E-02  0.74586088E-01 -0.20970510E-02
  0.35008406     -0.69895225E-02  0.62225087E-01 -0.20754274E-02
  0.30764292     -0.69146940E-02  0.49672230E-01 -0.20369711E-02
  0.26454589     -0.67885123E-02  0.37027547E-01 -0.19834407E-02
  0.22110370     -0.66174973E-02  0.24389044E-01 -0.19165775E-02
  0.17761312     -0.64079917E-02  0.11852066E-01 -0.18380865E-02
  0.13435496     -0.61660978E-02 -0.49125605E-03 -0.17496189E-02
  0.91592340E-01 -0.58976257E-02 -0.12552487E-01 -0.16527580E-02
  0.49569309E-01 -0.56080504E-02 -0.24247281E-01 -0.15490071E-02
  0.85097847E-02 -0.53024798E-02 -0.35495703E-01 -0.14397809E-02
 -0.31383227E-01 -0.49856318E-02 -0.46222478E-01 -0.13263981E-02
 -0.69928122E-01 -0.46618200E-02 -0.56357159E-01 -0.12100768E-02
 -0.10696493     -0.43349469E-02 -0.65834242E-01 -0.10919324E-02
 -0.14235531     -0.40085049E-02 -0.74593205E-01 -0.97297618E-03
 -0.17598229     -0.36855816E-02 -0.82578502E-01 -0.85411610E-03
 -0.20774990     -0.33688715E-02 -0.89739493E-01 -0.73615847E-03
 -0.23758250     -0.30606904E-02 -0.96030334E-01 -0.61981078E-03
 -0.26542409     -0.27629936E-02 -0.10140982     -0.50568522E-03
 -0.29123740     -0.24773961E-02 -0.10584117     -0.39430279E-03
 -0.31500288     -0.22051944E-02 -0.10929183     -0.28609788E-03
 -0.33671763     -0.19473889E-02 -0.11173314     -0.18142308E-03
 -0.35639420     -0.17047081E-02 -0.11314008     -0.80554334E-04
 -0.37405933     -0.14776313E-02 -0.11349090      0.16303851E-04
 -0.38975267     -0.12664122E-02 -0.11276677      0.10901303E-03
 -0.40352541     -0.10711025E-02 -0.11095139      0.19749536E-03
 -0.41543889     -0.89157341E-03 -0.10803057      0.28172802E-03
 -0.42556322     -0.72753833E-03 -0.10399180      0.36173762E-03
 -0.43397587     -0.57857343E-03 -0.98823836E-01  0.43759442E-03
 -0.44076023     -0.44413794E-03 -0.92516225E-01  0.50940655E-03
 -0.44600428     -0.32359324E-03 -0.85058881E-01  0.57731406E-03
 -0.44979915     -0.21622086E-03 -0.76441650E-01  0.64148301E-03
 -0.45223787     -0.12123919E-03 -0.66653898E-01  0.70209930E-03
 -0.45341401     -0.37818904E-04 -0.55684138E-01  0.75936255E-03
 -0.45342050      0.34903216E-04 -0.43519693E-01  0.81347969E-03
 -0.45234838      0.97811877E-04 -0.30146429E-01  0.86465845E-03
 -0.45028566      0.15180252E-03 -0.15548564E-01  0.91310048E-03
 -0.44731624      0.19777214E-03  0.29141256E-03  0.95899399E-03
 -0.44351881      0.23661155E-03  0.17392690E-01  0.10025058E-02
 -0.43896581      0.26919914E-03  0.35775903E-01  0.10437727E-02
 -0.43372244      0.29639583E-03  0.55462687E-01  0.10828912E-02
 -0.42784557      0.31904106E-03  0.76474938E-01  0.11199070E-02
 -0.42138293      0.33795155E-03  0.98833735E-01  0.11548015E-02
 -0.41437181      0.35391302E-03  0.12255780      0.11874780E-02
 -0.40683833      0.36768360E-03  0.14766144      0.12177445E-02
     SPIN 1  L=1
  0.11666081E-01  0.59065600E-02  0.17088947E-02  0.86521676E-03
  0.19329543E-01  0.98353188E-02  0.28314696E-02  0.14407172E-02
  0.26033786E-01  0.13314205E-01  0.38135341E-02  0.19503185E-02
  0.32247011E-01  0.16477547E-01  0.47236730E-02  0.24136966E-02
  0.38171241E-01  0.19386704E-01  0.55914794E-02  0.28398390E-02
  0.43818820E-01  0.22252940E-01  0.64187604E-02  0.32596950E-02
  0.49286661E-01  0.25034383E-01  0.72197129E-02  0.36671298E-02
  0.54611294E-01  0.27757834E-01  0.79996876E-02  0.40660696E-02
  0.59823115E-01  0.30433588E-01  0.87631374E-02  0.44580223E-02
  0.64943468E-01  0.33071256E-01  0.95131886E-02  0.48443957E-02
  0.69988503E-01  0.35678276E-01  0.10252207E-01  0.52262794E-02
  0.74970690E-01  0.38260625E-01  0.10982020E-01  0.56045487E-02
  0.79899859E-01  0.40823128E-01  0.11704066E-01  0.59799108E-02
  0.84783880E-01  0.43369727E-01  0.12419499E-01  0.63529428E-02
  0.89629123E-01  0.45903662E-01  0.13129251E-01  0.67241195E-02
  0.94440788E-01  0.48427621E-01  0.13834086E-01  0.70938343E-02
  0.99223143E-01  0.50943837E-01  0.14534626E-01  0.74624147E-02
  0.10397970      0.53454177E-01  0.15231388E-01  0.78301340E-02
  0.10871335      0.55960200E-01  0.15924795E-01  0.81972206E-02
  0.11342647      0.58463209E-01  0.16615195E-01  0.85638652E-02
  0.11812100      0.60964283E-01  0.17302872E-01  0.89302261E-02
  0.12279852      0.63464316E-01  0.17988057E-01  0.92964340E-02
  0.12746029      0.65964035E-01  0.18670934E-01  0.96625957E-02
  0.13210728      0.68464026E-01  0.19351647E-01  0.10028797E-01
  0.13674024      0.70964745E-01  0.20030306E-01  0.10395104E-01
  0.14135973      0.73466536E-01  0.20706989E-01  0.10761568E-01
  0.14596608      0.75969640E-01  0.21381750E-01  0.11128223E-01
  0.15055950      0.78474206E-01  0.22054617E-01  0.11495093E-01
  0.15514005      0.80980299E-01  0.22725598E-01  0.11862185E-01
  0.15970765      0.83487909E-01  0.23394683E-01  0.12229500E-01
  0.16426212      0.85996952E-01  0.24061845E-01  0.12597024E-01
  0.16880319      0.88507282E-01  0.24727044E-01  0.12964735E-01
  0.17333049      0.91018690E-01  0.25390226E-01  0.13332605E-01
  0.17784357      0.93530912E-01  0.26051325E-01  0.13700593E-01
  0.18234193      0.96043632E-01  0.26710269E-01  0.14068653E-01
  0.18682500      0.98556482E-01  0.27366972E-01  0.14436732E-01
  0.19129217      0.10106905      0.28021347E-01  0.14804769E-01
  0.19574278      0.10358088      0.28673295E-01  0.15172698E-01
  0.20017613      0.10609148      0.29322717E-01  0.15540446E-01
  0.20459152      0.10860031      0.29969506E-01  0.15907934E-01
  0.20898819      0.11110681      0.30613554E-01  0.16275080E-01
  0.21336539      0.11361036      0.31254751E-01  0.16641793E-01
  0.21772237      0.11611034      0.31892985E-01  0.17007983E-01
  0.22205835      0.11860607      0.32528144E-01  0.17373550E-01
  0.22637259      0.12109687      0.33160117E-01  0.17738394E-01
  0.23066431      0.12358202      0.33788794E-01  0.18102409E-01
  0.23493280      0.12606076      0.34414067E-01  0.18465486E-01
  0.23917734      0.12853235      0.35035830E-01  0.18827514E-01
  0.24339722      0.13099599      0.35653984E-01  0.19188377E-01
  0.24759180      0.13345087      0.36268430E-01  0.19547957E-01
  0.25176045      0.13589618      0.36879078E-01  0.19906135E-01
  0.25590259      0.13833109      0.37485843E-01  0.20262786E-01
  0.26001767      0.14075472      0.38088645E-01  0.20617788E-01
  0.26410522      0.14316624      0.38687414E-01  0.20971013E-01
  0.26816480      0.14556476      0.39282085E-01  0.21322333E-01
  0.27219604      0.14794939      0.39872606E-01  0.21671619E-01
  0.27619863      0.15031926      0.40458930E-01  0.22018740E-01
  0.28017235      0.15267345      0.41041024E-01  0.22363566E-01
  0.28411701      0.15501108      0.41618862E-01  0.22705965E-01
  0.28803254      0.15733123      0.42192434E-01  0.23045803E-01
  0.29191894      0.15963300      0.42761737E-01  0.23382948E-01
  0.29577628      0.16191549      0.43326785E-01  0.23717267E-01
  0.29960474      0.16417779      0.43887602E-01  0.24048629E-01
  0.30340460      0.16641899      0.44444229E-01  0.24376900E-01
  0.30717621      0.16863820      0.44996718E-01  0.24701948E-01
  0.31092005      0.17083453      0.45545139E-01  0.25023644E-01
  0.31463669      0.17300708      0.46089576E-01  0.25341856E-01
  0.31832683      0.17515497      0.46630130E-01  0.25656455E-01
  0.32199126      0.17727733      0.47166919E-01  0.25967314E-01
  0.32563090      0.17937329      0.47700076E-01  0.26274307E-01
  0.32924679      0.18144201      0.48229754E-01  0.26577307E-01
  0.33284010      0.18348264      0.48756125E-01  0.26876191E-01
  0.33641213      0.18549434      0.49279378E-01  0.27170838E-01
  0.33996430      0.18747630      0.49799722E-01  0.27461128E-01
  0.34349818      0.18942772      0.50317385E-01  0.27746943E-01
  0.34701546      0.19134779      0.50832618E-01  0.28028166E-01
  0.35051800      0.19323576      0.51345691E-01  0.28304685E-01
  0.35400779      0.19509085      0.51856895E-01  0.28576387E-01
  0.35748696      0.19691232      0.52366545E-01  0.28843164E-01
  0.36095782      0.19869943      0.52874976E-01  0.29104908E-01
  0.36442281      0.20045148      0.53382546E-01  0.29361514E-01
  0.36788454      0.20216777      0.53889640E-01  0.29612881E-01
  0.37134579      0.20384761      0.54396662E-01  0.29858909E-01
  0.37480949      0.20549034      0.54904043E-01  0.30099500E-01
  0.37827876      0.20709532      0.55412238E-01  0.30334560E-01
  0.38175686      0.20866192      0.55921727E-01  0.30563996E-01
  0.38524726      0.21018951      0.56433017E-01  0.30787718E-01
  0.38875358      0.21167750      0.56946639E-01  0.31005639E-01
  0.39227964      0.21312532      0.57463151E-01  0.31217673E-01
  0.39582943      0.21453239      0.57983139E-01  0.31423738E-01
  0.39940713      0.21589818      0.58507213E-01  0.31623754E-01
  0.40301711      0.21722213      0.59036015E-01  0.31817642E-01
  0.40666391      0.21850375      0.59570211E-01  0.32005326E-01
  0.41035229      0.21974252      0.60110496E-01  0.32186732E-01
  0.41408718      0.22093795      0.60657593E-01  0.32361789E-01
  0.41787371      0.22208957      0.61212253E-01  0.32530427E-01
  0.42171721      0.22319692      0.61775258E-01  0.32692579E-01
  0.42562319      0.22425954      0.62347414E-01  0.32848177E-01
  0.42959738      0.22527700      0.62929558E-01  0.32997159E-01
  0.43364566      0.22624888      0.63522556E-01  0.33139461E-01
  0.43777415      0.22717475      0.64127301E-01  0.33275022E-01
  0.44198914      0.22805421      0.64744714E-01  0.33403784E-01
  0.44629709      0.22888687      0.65375743E-01  0.33525687E-01
  0.45070468      0.22967233      0.66021366E-01  0.33640675E-01
  0.45521875      0.23041022      0.66682585E-01  0.33748692E-01
  0.45984633      0.23110016      0.67360429E-01  0.33849683E-01
  0.46459463      0.23174179      0.68055953E-01  0.33943595E-01
  0.46947100      0.23233475      0.68770236E-01  0.34030374E-01
  0.47448300      0.23287868      0.69504381E-01  0.34109968E-01
  0.47963829      0.23337322      0.70259515E-01  0.34182326E-01
  0.48494473      0.23381804      0.71036786E-01  0.34247396E-01
  0.49041029      0.23421278      0.71837361E-01  0.34305127E-01
  0.49604307      0.23455710      0.72662429E-01  0.34355470E-01
  0.50185132      0.23485067      0.73513195E-01  0.34398373E-01
  0.50784337      0.23509313      0.74390881E-01  0.34433787E-01
  0.51402766      0.23528415      0.75296723E-01  0.34461661E-01
  0.52041273      0.23542339      0.76231970E-01  0.34481946E-01
  0.52700719      0.23551051      0.77197882E-01  0.34494591E-01
  0.53381969      0.23554516      0.78195729E-01  0.34499545E-01
  0.54085897      0.23552699      0.79226787E-01  0.34496758E-01
  0.54813376      0.23545567      0.80292339E-01  0.34486178E-01
  0.55565286      0.23533083      0.81393668E-01  0.34467753E-01
  0.56342503      0.23515214      0.82532060E-01  0.34441432E-01
  0.57145904      0.23491922      0.83708799E-01  0.34407163E-01
  0.57976364      0.23463172      0.84925165E-01  0.34364890E-01
  0.58834753      0.23428927      0.86182431E-01  0.34314562E-01
  0.59721936      0.23389151      0.87481863E-01  0.34256124E-01
  0.60638768      0.23343807      0.88824715E-01  0.34189520E-01
  0.61586098      0.23292856      0.90212227E-01  0.34114695E-01
  0.62564763      0.23236261      0.91645624E-01  0.34031593E-01
  0.63575586      0.23173983      0.93126113E-01  0.33940156E-01
  0.64619379      0.23105984      0.94654879E-01  0.33840328E-01
  0.65696934      0.23032223      0.96233082E-01  0.33732051E-01
  0.66809029      0.22952663      0.97861860E-01  0.33615266E-01
  0.67956420      0.22867262      0.99542318E-01  0.33489914E-01
  0.69139842      0.22775981      0.10127553      0.33355935E-01
  0.70360008      0.22678781      0.10306254      0.33213272E-01
  0.71617605      0.22575619      0.10490436      0.33061863E-01
  0.72913293      0.22466457      0.10680193      0.32901649E-01
  0.74247704      0.22351255      0.10875620      0.32732571E-01
  0.75621439      0.22229971      0.11076804      0.32554568E-01
  0.77035065      0.22102567      0.11283827      0.32367582E-01
  0.78489116      0.21969002      0.11496767      0.32171555E-01
  0.79984087      0.21829239      0.11715696      0.31966428E-01
  0.81520435      0.21683239      0.11940682      0.31752144E-01
  0.83098577      0.21530964      0.12171784      0.31528648E-01
  0.84718881      0.21372379      0.12409057      0.31295886E-01
  0.86381674      0.21207447      0.12652547      0.31053803E-01
  0.88087230      0.21036135      0.12902294      0.30802350E-01
  0.89835773      0.20858411      0.13158330      0.30541478E-01
  0.91627472      0.20674243      0.13420680      0.30271139E-01
  0.93462437      0.20483603      0.13689358      0.29991292E-01
  0.95340720      0.20286464      0.13964373      0.29701895E-01
  0.97262305      0.20082803      0.14245720      0.29402912E-01
  0.99227111      0.19872597      0.14533387      0.29094309E-01
   1.0123498      0.19655828      0.14827350      0.28776059E-01
   1.0328570      0.19432480      0.15127575      0.28448136E-01
   1.0537895      0.19202543      0.15434017      0.28110522E-01
   1.0751434      0.18966008      0.15746616      0.27763204E-01
   1.0969139      0.18722871      0.16065302      0.27406174E-01
   1.1190955      0.18473133      0.16389990      0.27039432E-01
   1.1416813      0.18216800      0.16720582      0.26662984E-01
   1.1646639      0.17953882      0.17056962      0.26276844E-01
   1.1880344      0.17684397      0.17399003      0.25881035E-01
   1.2117831      0.17408366      0.17746558      0.25475587E-01
   1.2358989      0.17125818      0.18099465      0.25060539E-01
   1.2603697      0.16836789      0.18457543      0.24635943E-01
   1.2851820      0.16541322      0.18820592      0.24201859E-01
   1.3103211      0.16239467      0.19188393      0.23758357E-01
   1.3357707      0.15931282      0.19560708      0.23305522E-01
   1.3615133      0.15616835      0.19937275      0.22843450E-01
   1.3875299      0.15296201      0.20317813      0.22372248E-01
   1.4137997      0.14969465      0.20702015      0.21892040E-01
   1.4403006      0.14636723      0.21089552      0.21402963E-01
   1.4670087      0.14298081      0.21480071      0.20905169E-01
   1.4938983      0.13953654      0.21873192      0.20398825E-01
   1.5209420      0.13603569      0.22268510      0.19884116E-01
   1.5481106      0.13247966      0.22665591      0.19361243E-01
   1.5753730      0.12886997      0.23063974      0.18830426E-01
   1.6026961      0.12520825      0.23463170      0.18291902E-01
   1.6300449      0.12149626      0.23862661      0.17745929E-01
   1.6573823      0.11773592      0.24261896      0.17192782E-01
   1.6846691      0.11392927      0.24660295      0.16632760E-01
   1.7118640      0.11007848      0.25057246      0.16066180E-01
   1.7389236      0.10618590      0.25452107      0.15493382E-01
   1.7658023      0.10225401      0.25844201      0.14914727E-01
   1.7924523      0.98285429E-01  0.26232818      0.14330601E-01
   1.8188235      0.94282963E-01  0.26617217      0.13741411E-01
   1.8448636      0.90249560E-01  0.26996623      0.13147588E-01
   1.8705180      0.86188330E-01  0.27370226      0.12549586E-01
   1.8957300      0.82102551E-01  0.27737184      0.11947886E-01
   1.9204407      0.77995661E-01  0.28096623      0.11342991E-01
   1.9445888      0.73871265E-01  0.28447635      0.10735428E-01
   1.9681111      0.69733136E-01  0.28789278      0.10125751E-01
   1.9909420      0.65585209E-01  0.29120582      0.95145369E-02
   2.0130141      0.61431583E-01  0.29440544      0.89023875E-02
   2.0342580      0.57276522E-01  0.29748133      0.82899289E-02
   2.0546024      0.53124447E-01  0.30042289      0.76778110E-02
   2.0739740      0.48979937E-01  0.30321925      0.70667072E-02
   2.0922983      0.44847719E-01  0.30585929      0.64573136E-02
   2.1094990      0.40732668E-01  0.30833168      0.58503480E-02
   2.1254984      0.36639798E-01  0.31062487      0.52465498E-02
   2.1402179      0.32574254E-01  0.31272714      0.46466777E-02
   2.1535777      0.28541301E-01  0.31462661      0.40515097E-02
   2.1654973      0.24546319E-01  0.31631129      0.34618404E-02
   2.1758958      0.20594787E-01  0.31776912      0.28784806E-02
   2.1846919      0.16692271E-01  0.31898798      0.23022543E-02
   2.1918043      0.12844412E-01  0.31995575      0.17339977E-02
   2.1971523      0.90569092E-02  0.32066037      0.11745564E-02
   2.2006555      0.53355044E-02  0.32108985      0.62478330E-03
   2.2022347      0.16859642E-02  0.32123236      0.85536075E-04
   2.2018121     -0.18859381E-02  0.32107626     -0.44232552E-03
   2.1993114     -0.53744420E-02  0.32061016     -0.95794245E-03
   2.1946589     -0.87738199E-02  0.31982300     -0.14604593E-02
   2.1877830     -0.12078398E-01  0.31870411     -0.19490273E-02
   2.1786154     -0.15282578E-01  0.31724324     -0.24228075E-02
   2.1670913     -0.18380858E-01  0.31543068     -0.28809740E-02
   2.1531499     -0.21367858E-01  0.31325730     -0.33227172E-02
   2.1367347     -0.24238341E-01  0.31071465     -0.37472473E-02
   2.1177943     -0.26987235E-01  0.30779501     -0.41537976E-02
   2.0962828     -0.29609661E-01  0.30449150     -0.45416285E-02
   2.0721605     -0.32100956E-01  0.30079813     -0.49100305E-02
   2.0453939     -0.34456698E-01  0.29670991     -0.52583287E-02
   2.0159570     -0.36672734E-01  0.29222291     -0.55858861E-02
   1.9838312     -0.38745203E-01  0.28733434     -0.58921082E-02
   1.9490061     -0.40670570E-01  0.28204268     -0.61764464E-02
   1.9114801     -0.42445643E-01  0.27634769     -0.64384026E-02
   1.8712608     -0.44067612E-01  0.27025055     -0.66775330E-02
   1.8283653     -0.45534066E-01  0.26375389     -0.68934525E-02
   1.7828210     -0.46843027E-01  0.25686189     -0.70858386E-02
   1.7346658     -0.47992968E-01  0.24958035     -0.72544350E-02
   1.6839485     -0.48982846E-01  0.24191672     -0.73990557E-02
   1.6307293     -0.49812112E-01  0.23388019     -0.75195881E-02
   1.5750798     -0.50480740E-01  0.22548173     -0.76159959E-02
   1.5170834     -0.50989237E-01  0.21673411     -0.76883218E-02
   1.4568355     -0.51338661E-01  0.20765196     -0.77366899E-02
   1.3944435     -0.51530624E-01  0.19825176     -0.77613069E-02
   1.3300267     -0.51567304E-01  0.18855189     -0.77624636E-02
   1.2637167     -0.51451441E-01  0.17857259     -0.77405350E-02
   1.1956568     -0.51186340E-01  0.16833596     -0.76959809E-02
   1.1260019     -0.50775860E-01  0.15786593     -0.76293444E-02
   1.0549181     -0.50224406E-01  0.14718826     -0.75412514E-02
  0.98258286     -0.49536911E-01  0.13633041     -0.74324084E-02
  0.90918367     -0.48718824E-01  0.12532155     -0.73036004E-02
  0.83491806     -0.47776079E-01  0.11419245     -0.71556879E-02
  0.75999274     -0.46715080E-01  0.10297536     -0.69896036E-02
  0.68462281     -0.45542663E-01  0.91703938E-01 -0.68063483E-02
  0.60903095     -0.44266072E-01  0.80413113E-01 -0.66069874E-02
  0.53344643     -0.42892918E-01  0.69138935E-01 -0.63926454E-02
  0.45810407     -0.41431152E-01  0.57918433E-01 -0.61645014E-02
  0.38324312     -0.39889016E-01  0.46789440E-01 -0.59237838E-02
  0.30910604     -0.38275011E-01  0.35790411E-01 -0.56717644E-02
  0.23593715     -0.36597851E-01  0.24960224E-01 -0.54097525E-02
  0.16398133     -0.34866417E-01  0.14337971E-01 -0.51390885E-02
  0.93482488E-01 -0.33089714E-01  0.39627353E-02 -0.48611374E-02
  0.24682105E-01 -0.31276821E-01 -0.61266472E-02 -0.45772816E-02
 -0.42182348E-01 -0.29436841E-01 -0.15891828E-01 -0.42889138E-02
 -0.10687901     -0.27578850E-01 -0.25295202E-01 -0.39974288E-02
 -0.16918323     -0.25711840E-01 -0.34300163E-01 -0.37042161E-02
 -0.22887922     -0.23844668E-01 -0.42871367E-01 -0.34106509E-02
 -0.28576168     -0.21985996E-01 -0.50974995E-01 -0.31180859E-02
 -0.33963732     -0.20144237E-01 -0.58579011E-01 -0.28278424E-02
 -0.39032643     -0.18327496E-01 -0.65653419E-01 -0.25412017E-02
 -0.43766436     -0.16543514E-01 -0.72170508E-01 -0.22593961E-02
 -0.48150277     -0.14799622E-01 -0.78105082E-01 -0.19836012E-02
 -0.52171100     -0.13102687E-01 -0.83434685E-01 -0.17149284E-02
 -0.55817709     -0.11459072E-01 -0.88139801E-01 -0.14544176E-02
 -0.59080880     -0.98746043E-02 -0.92204038E-01 -0.12030318E-02
 -0.61953441     -0.83545430E-02 -0.95614294E-01 -0.96165185E-03
 -0.64430346     -0.69035587E-02 -0.98360903E-01 -0.73107289E-03
 -0.66508721     -0.55257175E-02 -0.10043775     -0.51200064E-03
 -0.68187903     -0.42244699E-02 -0.10184238     -0.30504901E-03
 -0.69469457     -0.30026427E-02 -0.10257604     -0.11073791E-03
 -0.70357175     -0.18624351E-02 -0.10264378      0.70508500E-04
 -0.70857053     -0.80541683E-03 -0.10205439      0.23836311E-03
 -0.70977252      0.16746994E-03 -0.10082041      0.39259666E-03
 -0.70728028      0.10559050E-02 -0.98958109E-01  0.53307791E-03
 -0.70121645      0.18601794E-02 -0.96487306E-01  0.65977293E-03
 -0.69172261      0.25811788E-02 -0.93431300E-01  0.77274347E-03
 -0.67895796      0.32203609E-02 -0.89816669E-01  0.87214410E-03
 -0.66309774      0.37797252E-02 -0.85673068E-01  0.95821829E-03
 -0.64433148      0.42617758E-02 -0.81032993E-01  0.10312931E-02
 -0.62286108      0.46694786E-02 -0.75931511E-01  0.10917731E-02
 -0.59889879      0.50062110E-02 -0.70405978E-01  0.11401324E-02
 -0.57266507      0.52757076E-02 -0.64495729E-01  0.11769068E-02
 -0.54438639      0.54820016E-02 -0.58241769E-01  0.12026848E-02
 -0.51429303      0.56293640E-02 -0.51686455E-01  0.12180977E-02
 -0.48261690      0.57222414E-02 -0.44873180E-01  0.12238100E-02
 -0.44958942      0.57651946E-02 -0.37846069E-01  0.12205100E-02
 -0.41543951      0.57628387E-02 -0.30649690E-01  0.12088997E-02
 -0.38039167      0.57197864E-02 -0.23328778E-01  0.11896862E-02
 -0.34466425      0.56405949E-02 -0.15927988E-01  0.11635727E-02
 -0.30846786      0.55297187E-02 -0.84916745E-02  0.11312515E-02
 -0.27200398      0.53914671E-02 -0.10636950E-02  0.10933962E-02
 -0.23546375      0.52299686E-02  0.63127512E-02  0.10506566E-02
 -0.19902697      0.50491407E-02  0.13595256E-01  0.10036535E-02
 -0.16286128      0.48526672E-02  0.20742305E-01  0.95297433E-03
 -0.12712154      0.46439799E-02  0.27713348E-01  0.89917068E-03
 -0.91949383E-01  0.44262478E-02  0.34468841E-01  0.84275576E-03
 -0.57472918E-01  0.42023706E-02  0.40970262E-01  0.78420312E-03
 -0.23806634E-01  0.39749764E-02  0.47180097E-01  0.72394596E-03
  0.89486053E-02  0.37464252E-02  0.53061808E-01  0.66237698E-03
  0.40705417E-01  0.35188138E-02  0.58579768E-01  0.59984882E-03
  0.71389652E-01  0.32939851E-02  0.63699181E-01  0.53667477E-03
  0.10094005      0.30735385E-02  0.68385981E-01  0.47312979E-03
  0.12930781      0.28588425E-02  0.72606702E-01  0.40945178E-03
  0.15645610      0.26510485E-02  0.76328338E-01  0.34584293E-03
  0.18235949      0.24511047E-02  0.79518170E-01  0.28247109E-03
  0.20700333      0.22597706E-02  0.82143585E-01  0.21947129E-03
  0.23038309      0.20776319E-02  0.84171854E-01  0.15694718E-03
  0.25250369      0.19051145E-02  0.85569905E-01  0.94972485E-04
  0.27337870      0.17424987E-02  0.86304058E-01  0.33592492E-04
  0.29302964      0.15899326E-02  0.86339739E-01 -0.27174437E-04
  0.31148511      0.14474452E-02  0.85641167E-01 -0.87335303E-04
  0.32878001      0.13149586E-02  0.84171018E-01 -0.14692082E-03
  0.34495467      0.11922999E-02  0.81890061E-01 -0.20598362E-03
  0.36005398      0.10792124E-02  0.78756770E-01 -0.26459632E-03
  0.37412651      0.97536601E-03  0.74726917E-01 -0.32284936E-03
  0.38722355      0.88036699E-03  0.69753152E-01 -0.38084861E-03
  0.39939826      0.79376700E-03  0.63784563E-01 -0.43871270E-03
  0.41070466      0.71507124E-03  0.56766246E-01 -0.49656993E-03
  0.42119665      0.64374567E-03  0.48638866E-01 -0.55455485E-03
  0.43092709      0.57922320E-03  0.39338257E-01 -0.61280419E-03
  0.43994667      0.52090885E-03  0.28795043E-01 -0.67145222E-03
  0.44830285      0.46818373E-03  0.16934336E-01 -0.73062511E-03
  0.45603871      0.42040804E-03  0.36755162E-02 -0.79043430E-03
  0.46319172      0.37692282E-03 -0.11067839E-01 -0.85096842E-03
  0.46979234      0.33705093E-03 -0.27387849E-01 -0.91228344E-03
  0.47586255      0.30009698E-03 -0.45381953E-01 -0.97439077E-03
  0.48141437      0.26534498E-03 -0.65152190E-01 -0.10372427E-02
  0.48644767      0.23206279E-03 -0.86804008E-01 -0.11007149E-02
  0.49094852      0.19949550E-03 -0.11044448     -0.11645850E-02
     SPIN 1  L=2
  0.27693848E-06  0.18544267E-06  0.20741959E-06  0.13889166E-06
  0.87899690E-06  0.59156329E-06  0.65834543E-06  0.44306526E-06
  0.17416423E-05  0.11781897E-05  0.13044440E-05  0.88243292E-06
  0.28533639E-05  0.19239409E-05  0.21370941E-05  0.14409807E-05
  0.42102217E-05  0.28192497E-05  0.31533450E-05  0.21115429E-05
  0.57972344E-05  0.38836620E-05  0.43419758E-05  0.29087591E-05
  0.76229078E-05  0.51084556E-05  0.57093573E-05  0.38260966E-05
  0.96897714E-05  0.64981928E-05  0.72573838E-05  0.48669723E-05
  0.12003373E-04  0.80561613E-05  0.89902111E-05  0.60338486E-05
  0.14569998E-04  0.97870582E-05  0.10912545E-04  0.73302435E-05
  0.17396888E-04  0.11696208E-04  0.13029813E-04  0.87601449E-05
  0.20492066E-04  0.13789545E-04  0.15348020E-04  0.10327997E-04
  0.23864253E-04  0.16073525E-04  0.17873700E-04  0.12038635E-04
  0.27522809E-04  0.18555081E-04  0.20613863E-04  0.13897253E-04
  0.31477689E-04  0.21241595E-04  0.23575965E-04  0.15909378E-04
  0.35739408E-04  0.24140876E-04  0.26767882E-04  0.18080860E-04
  0.40319023E-04  0.27261146E-04  0.30197895E-04  0.20417856E-04
  0.45228112E-04  0.30611032E-04  0.33874676E-04  0.22926827E-04
  0.50478765E-04  0.34199560E-04  0.37807279E-04  0.25614535E-04
  0.56083577E-04  0.38036153E-04  0.42005138E-04  0.28488036E-04
  0.62055641E-04  0.42130630E-04  0.46478060E-04  0.31554685E-04
  0.68408549E-04  0.46493209E-04  0.51236225E-04  0.34822134E-04
  0.75156392E-04  0.51134505E-04  0.56290185E-04  0.38298333E-04
  0.82313756E-04  0.56065536E-04  0.61650867E-04  0.41991536E-04
  0.89895732E-04  0.61297728E-04  0.67329572E-04  0.45910300E-04
  0.97917914E-04  0.66842918E-04  0.73337981E-04  0.50063489E-04
  0.10639641E-03  0.72713359E-04  0.79688156E-04  0.54460282E-04
  0.11534783E-03  0.78921727E-04  0.86392543E-04  0.59110171E-04
  0.12478932E-03  0.85481126E-04  0.93463982E-04  0.64022973E-04
  0.13473856E-03  0.92405095E-04  0.10091571E-03  0.69208826E-04
  0.14521374E-03  0.99707616E-04  0.10876135E-03  0.74678202E-04
  0.15623362E-03  0.10740312E-03  0.11701496E-03  0.80441909E-04
  0.16781750E-03  0.11550648E-03  0.12569099E-03  0.86511094E-04
  0.17998524E-03  0.12403306E-03  0.13480432E-03  0.92897252E-04
  0.19275728E-03  0.13299867E-03  0.14437026E-03  0.99612231E-04
  0.20615464E-03  0.14241961E-03  0.15440454E-03  0.10666824E-03
  0.22019893E-03  0.15231266E-03  0.16492336E-03  0.11407784E-03
  0.23491237E-03  0.16269510E-03  0.17594336E-03  0.12185398E-03
  0.25031781E-03  0.17358471E-03  0.18748165E-03  0.13000997E-03
  0.26643871E-03  0.18499977E-03  0.19955580E-03  0.13855951E-03
  0.28329920E-03  0.19695911E-03  0.21218389E-03  0.14751670E-03
  0.30092405E-03  0.20948205E-03  0.22538446E-03  0.15689600E-03
  0.31933873E-03  0.22258847E-03  0.23917659E-03  0.16671232E-03
  0.33856938E-03  0.23629879E-03  0.25357987E-03  0.17698093E-03
  0.35864288E-03  0.25063399E-03  0.26861443E-03  0.18771756E-03
  0.37958683E-03  0.26561561E-03  0.28430093E-03  0.19893833E-03
  0.40142959E-03  0.28126574E-03  0.30066062E-03  0.21065981E-03
  0.42420029E-03  0.29760711E-03  0.31771531E-03  0.22289898E-03
  0.44792886E-03  0.31466298E-03  0.33548742E-03  0.23567331E-03
  0.47264605E-03  0.33245727E-03  0.35399999E-03  0.24900068E-03
  0.49838347E-03  0.35101446E-03  0.37327669E-03  0.26289944E-03
  0.52517361E-03  0.37035970E-03  0.39334185E-03  0.27738842E-03
  0.55304986E-03  0.39051876E-03  0.41422048E-03  0.29248692E-03
  0.58204656E-03  0.41151805E-03  0.43593829E-03  0.30821473E-03
  0.61219901E-03  0.43338464E-03  0.45852174E-03  0.32459212E-03
  0.64354354E-03  0.45614628E-03  0.48199803E-03  0.34163987E-03
  0.67611751E-03  0.47983140E-03  0.50639515E-03  0.35937927E-03
  0.70995939E-03  0.50446912E-03  0.53174189E-03  0.37783214E-03
  0.74510878E-03  0.53008928E-03  0.55806793E-03  0.39702081E-03
  0.78160644E-03  0.55672242E-03  0.58540379E-03  0.41696818E-03
  0.81949439E-03  0.58439984E-03  0.61378095E-03  0.43769768E-03
  0.85881591E-03  0.61315358E-03  0.64323183E-03  0.45923330E-03
  0.89961564E-03  0.64301645E-03  0.67378984E-03  0.48159962E-03
  0.94193961E-03  0.67402202E-03  0.70548948E-03  0.50482178E-03
  0.98583531E-03  0.70620469E-03  0.73836630E-03  0.52892555E-03
  0.10313518E-02  0.73959963E-03  0.77245703E-03  0.55393726E-03
  0.10785396E-02  0.77424286E-03  0.80779959E-03  0.57988390E-03
  0.11274511E-02  0.81017126E-03  0.84443315E-03  0.60679308E-03
  0.11781404E-02  0.84742253E-03  0.88239822E-03  0.63469305E-03
  0.12306634E-02  0.88603528E-03  0.92173668E-03  0.66361271E-03
  0.12850780E-02  0.92604900E-03  0.96249187E-03  0.69358165E-03
  0.13414440E-02  0.96750411E-03  0.10047087E-02  0.72463014E-03
  0.13998235E-02  0.10104419E-02  0.10484336E-02  0.75678914E-03
  0.14602809E-02  0.10549048E-02  0.10937147E-02  0.79009032E-03
  0.15228829E-02  0.11009360E-02  0.11406021E-02  0.82456611E-03
  0.15876986E-02  0.11485797E-02  0.11891475E-02  0.86024963E-03
  0.16548001E-02  0.11978813E-02  0.12394049E-02  0.89717481E-03
  0.17242618E-02  0.12488869E-02  0.12914301E-02  0.93537633E-03
  0.17961615E-02  0.13016441E-02  0.13452813E-02  0.97488965E-03
  0.18705800E-02  0.13562013E-02  0.14010190E-02  0.10157510E-02
  0.19476013E-02  0.14126078E-02  0.14587061E-02  0.10579976E-02
  0.20273128E-02  0.14709145E-02  0.15184081E-02  0.11016673E-02
  0.21098060E-02  0.15311731E-02  0.15801936E-02  0.11467989E-02
  0.21951760E-02  0.15934365E-02  0.16441337E-02  0.11934320E-02
  0.22835221E-02  0.16577588E-02  0.17103028E-02  0.12416071E-02
  0.23749480E-02  0.17241955E-02  0.17787786E-02  0.12913658E-02
  0.24695623E-02  0.17928029E-02  0.18496425E-02  0.13427503E-02
  0.25674783E-02  0.18636390E-02  0.19229792E-02  0.13958040E-02
  0.26688146E-02  0.19367627E-02  0.19988777E-02  0.14505711E-02
  0.27736956E-02  0.20122344E-02  0.20774311E-02  0.15070967E-02
  0.28822516E-02  0.20901158E-02  0.21587369E-02  0.15654270E-02
  0.29946190E-02  0.21704697E-02  0.22428974E-02  0.16256092E-02
  0.31109414E-02  0.22533606E-02  0.23300201E-02  0.16876914E-02
  0.32313692E-02  0.23388541E-02  0.24202176E-02  0.17517229E-02
  0.33560607E-02  0.24270172E-02  0.25136085E-02  0.18177538E-02
  0.34851822E-02  0.25179183E-02  0.26103174E-02  0.18858354E-02
  0.36189089E-02  0.26116274E-02  0.27104755E-02  0.19560200E-02
  0.37574251E-02  0.27082156E-02  0.28142207E-02  0.20283609E-02
  0.39009250E-02  0.28077556E-02  0.29216987E-02  0.21029126E-02
  0.40496135E-02  0.29103216E-02  0.30330627E-02  0.21797306E-02
  0.42037066E-02  0.30159891E-02  0.31484747E-02  0.22588716E-02
  0.43634324E-02  0.31248352E-02  0.32681054E-02  0.23403931E-02
  0.45290319E-02  0.32369384E-02  0.33921353E-02  0.24243541E-02
  0.47007596E-02  0.33523787E-02  0.35207552E-02  0.25108143E-02
  0.48788848E-02  0.34712374E-02  0.36541665E-02  0.25998348E-02
  0.50636922E-02  0.35935974E-02  0.37925826E-02  0.26914777E-02
  0.52554834E-02  0.37195432E-02  0.39362294E-02  0.27858060E-02
  0.54545775E-02  0.38491604E-02  0.40853458E-02  0.28828841E-02
  0.56613127E-02  0.39825362E-02  0.42401853E-02  0.29827772E-02
  0.58760474E-02  0.41197594E-02  0.44010161E-02  0.30855517E-02
  0.60991617E-02  0.42609199E-02  0.45681230E-02  0.31912751E-02
  0.63310585E-02  0.44061091E-02  0.47418078E-02  0.33000158E-02
  0.65721655E-02  0.45554198E-02  0.49223907E-02  0.34118432E-02
  0.68229365E-02  0.47089460E-02  0.51102115E-02  0.35268277E-02
  0.70838529E-02  0.48667830E-02  0.53056311E-02  0.36450409E-02
  0.73554264E-02  0.50290274E-02  0.55090324E-02  0.37665548E-02
  0.76381998E-02  0.51957768E-02  0.57208221E-02  0.38914428E-02
  0.79327498E-02  0.53671302E-02  0.59414322E-02  0.40197788E-02
  0.82396891E-02  0.55431873E-02  0.61713214E-02  0.41516377E-02
  0.85596684E-02  0.57240492E-02  0.64109771E-02  0.42870949E-02
  0.88933787E-02  0.59098174E-02  0.66609168E-02  0.44262267E-02
  0.92415543E-02  0.61005948E-02  0.69216906E-02  0.45691099E-02
  0.96049751E-02  0.62964845E-02  0.71938826E-02  0.47158219E-02
  0.99844694E-02  0.64975906E-02  0.74781130E-02  0.48664406E-02
  0.10380917E-01  0.67040174E-02  0.77750409E-02  0.50210441E-02
  0.10795252E-01  0.69158700E-02  0.80853658E-02  0.51797109E-02
  0.11228467E-01  0.71332532E-02  0.84098307E-02  0.53425198E-02
  0.11681614E-01  0.73562725E-02  0.87492242E-02  0.55095496E-02
  0.12155810E-01  0.75850329E-02  0.91043830E-02  0.56808789E-02
  0.12652242E-01  0.78196395E-02  0.94761952E-02  0.58565864E-02
  0.13172167E-01  0.80601968E-02  0.98656026E-02  0.60367504E-02
  0.13716918E-01  0.83068088E-02  0.10273604E-01  0.62214488E-02
  0.14287909E-01  0.85595788E-02  0.10701258E-01  0.64107587E-02
  0.14886638E-01  0.88186088E-02  0.11149687E-01  0.66047568E-02
  0.15514692E-01  0.90840000E-02  0.11620079E-01  0.68035185E-02
  0.16173752E-01  0.93558516E-02  0.12113692E-01  0.70071183E-02
  0.16865595E-01  0.96342615E-02  0.12631859E-01  0.72156293E-02
  0.17592105E-01  0.99193251E-02  0.13175989E-01  0.74291230E-02
  0.18355270E-01  0.10211136E-01  0.13747573E-01  0.76476693E-02
  0.19157196E-01  0.10509784E-01  0.14348187E-01  0.78713359E-02
  0.20000105E-01  0.10815358E-01  0.14979495E-01  0.81001882E-02
  0.20886346E-01  0.11127940E-01  0.15643256E-01  0.83342892E-02
  0.21818398E-01  0.11447613E-01  0.16341327E-01  0.85736990E-02
  0.22798877E-01  0.11774451E-01  0.17075666E-01  0.88184746E-02
  0.23830541E-01  0.12108526E-01  0.17848341E-01  0.90686694E-02
  0.24916300E-01  0.12449906E-01  0.18661530E-01  0.93243331E-02
  0.26059218E-01  0.12798650E-01  0.19517527E-01  0.95855113E-02
  0.27262523E-01  0.13154813E-01  0.20418750E-01  0.98522449E-02
  0.28529613E-01  0.13518445E-01  0.21367745E-01  0.10124570E-01
  0.29864065E-01  0.13889586E-01  0.22367188E-01  0.10402517E-01
  0.31269636E-01  0.14268270E-01  0.23419895E-01  0.10686112E-01
  0.32750281E-01  0.14654522E-01  0.24528827E-01  0.10975372E-01
  0.34310152E-01  0.15048358E-01  0.25697092E-01  0.11270311E-01
  0.35953608E-01  0.15449786E-01  0.26927957E-01  0.11570932E-01
  0.37685228E-01  0.15858802E-01  0.28224849E-01  0.11877234E-01
  0.39509812E-01  0.16275390E-01  0.29591363E-01  0.12189204E-01
  0.41432395E-01  0.16699526E-01  0.31031269E-01  0.12506824E-01
  0.43458252E-01  0.17131171E-01  0.32548518E-01  0.12830064E-01
  0.45592909E-01  0.17570273E-01  0.34147247E-01  0.13158885E-01
  0.47842153E-01  0.18016766E-01  0.35831790E-01  0.13493237E-01
  0.50212035E-01  0.18470569E-01  0.37606679E-01  0.13833060E-01
  0.52708887E-01  0.18931586E-01  0.39476653E-01  0.14178280E-01
  0.55339323E-01  0.19399704E-01  0.41446667E-01  0.14528813E-01
  0.58110256E-01  0.19874792E-01  0.43521895E-01  0.14884560E-01
  0.61028899E-01  0.20356700E-01  0.45707740E-01  0.15245409E-01
  0.64102780E-01  0.20845260E-01  0.48009836E-01  0.15611233E-01
  0.67339747E-01  0.21340283E-01  0.50434060E-01  0.15981889E-01
  0.70747979E-01  0.21841558E-01  0.52986536E-01  0.16357220E-01
  0.74335991E-01  0.22348852E-01  0.55673638E-01  0.16737050E-01
  0.78112645E-01  0.22861908E-01  0.58502002E-01  0.17121186E-01
  0.82087157E-01  0.23380445E-01  0.61478527E-01  0.17509417E-01
  0.86269103E-01  0.23904157E-01  0.64610381E-01  0.17901511E-01
  0.90668425E-01  0.24432711E-01  0.67905007E-01  0.18297220E-01
  0.95295439E-01  0.24965745E-01  0.71370127E-01  0.18696271E-01
  0.10016084      0.25502869E-01  0.75013745E-01  0.19098372E-01
  0.10527570      0.26043666E-01  0.78844152E-01  0.19503207E-01
  0.11065148      0.26587684E-01  0.82869925E-01  0.19910438E-01
  0.11630004      0.27134443E-01  0.87099933E-01  0.20319704E-01
  0.12223360      0.27683428E-01  0.91543335E-01  0.20730617E-01
  0.12846481      0.28234091E-01  0.96209578E-01  0.21142767E-01
  0.13500666      0.28785851E-01  0.10110840      0.21555715E-01
  0.14187256      0.29338090E-01  0.10624983      0.21968997E-01
  0.14907628      0.29890155E-01  0.11164416      0.22382123E-01
  0.15663196      0.30441356E-01  0.11730199      0.22794573E-01
  0.16455412      0.30990966E-01  0.12323415      0.23205801E-01
  0.17285761      0.31538221E-01  0.12945177      0.23615231E-01
  0.18155761      0.32082316E-01  0.13596620      0.24022260E-01
  0.19066965      0.32622412E-01  0.14278903      0.24426255E-01
  0.20020951      0.33157628E-01  0.14993209      0.24826555E-01
  0.21019330      0.33687045E-01  0.15740740      0.25222467E-01
  0.22063732      0.34209707E-01  0.16522716      0.25613272E-01
  0.23155813      0.34724618E-01  0.17340372      0.25998221E-01
  0.24297246      0.35230746E-01  0.18194960      0.26376538E-01
  0.25489718      0.35727021E-01  0.19087738      0.26747416E-01
  0.26734926      0.36212336E-01  0.20019974      0.27110023E-01
  0.28034574      0.36685552E-01  0.20992940      0.27463501E-01
  0.29390364      0.37145494E-01  0.22007906      0.27806965E-01
  0.30803995      0.37590954E-01  0.23066139      0.28139506E-01
  0.32277151      0.38020696E-01  0.24168894      0.28460193E-01
  0.33811502      0.38433456E-01  0.25317415      0.28768072E-01
  0.35408688      0.38827942E-01  0.26512924      0.29062172E-01
  0.37070318      0.39202842E-01  0.27756617      0.29341501E-01
  0.38797958      0.39556820E-01  0.29049659      0.29605054E-01
  0.40593123      0.39888527E-01  0.30393173      0.29851812E-01
  0.42457265      0.40196598E-01  0.31788238      0.30080747E-01
  0.44391767      0.40479660E-01  0.33235878      0.30290822E-01
  0.46397930      0.40736333E-01  0.34737053      0.30480996E-01
  0.48476959      0.40965238E-01  0.36292652      0.30650227E-01
  0.50629954      0.41164999E-01  0.37903482      0.30797474E-01
  0.52857896      0.41334247E-01  0.39570262      0.30921706E-01
  0.55161633      0.41471630E-01  0.41293607      0.31021897E-01
  0.57541866      0.41575813E-01  0.43074023      0.31097038E-01
  0.59999137      0.41645488E-01  0.44911890      0.31146140E-01
  0.62533809      0.41679378E-01  0.46807458      0.31168236E-01
  0.65146056      0.41676247E-01  0.48760828      0.31162386E-01
  0.67835841      0.41634901E-01  0.50771943      0.31127687E-01
  0.70602904      0.41554202E-01  0.52840576      0.31063272E-01
  0.73446745      0.41433071E-01  0.54966316      0.30968322E-01
  0.76366606      0.41270498E-01  0.57148556      0.30842068E-01
  0.79361452      0.41065550E-01  0.59386480      0.30683797E-01
  0.82429958      0.40817382E-01  0.61679049      0.30492863E-01
  0.85570492      0.40525241E-01  0.64024990      0.30268688E-01
  0.88781095      0.40188480E-01  0.66422780      0.30010774E-01
  0.92059469      0.39806561E-01  0.68870641      0.29718705E-01
  0.95402960      0.39379073E-01  0.71366518      0.29392157E-01
  0.98808543      0.38905729E-01  0.73908078      0.29030903E-01
   1.0227281      0.38386385E-01  0.76492691      0.28634819E-01
   1.0579196      0.37821037E-01  0.79117428      0.28203889E-01
   1.0936177      0.37209837E-01  0.81779046      0.27738213E-01
   1.1297763      0.36553094E-01  0.84473982      0.27238006E-01
   1.1663447      0.35851277E-01  0.87198351      0.26703610E-01
   1.2032681      0.35105025E-01  0.89947934      0.26135488E-01
   1.2404875      0.34315146E-01  0.92718180      0.25534233E-01
   1.2779390      0.33482618E-01  0.95504201      0.24900565E-01
   1.3155550      0.32608594E-01  0.98300771      0.24235338E-01
   1.3532630      0.31694397E-01   1.0110233      0.23539532E-01
   1.3909864      0.30741526E-01   1.0390298      0.22814259E-01
   1.4286446      0.29751646E-01   1.0669652      0.22060759E-01
   1.4661524      0.28726590E-01   1.0947639      0.21280398E-01
   1.5034212      0.27668357E-01   1.1223574      0.20474668E-01
   1.5403580      0.26579103E-01   1.1496744      0.19645179E-01
   1.5768666      0.25461141E-01   1.1766406      0.18793662E-01
   1.6128473      0.24316934E-01   1.2031788      0.17921960E-01
   1.6481972      0.23149087E-01   1.2292099      0.17032028E-01
   1.6828107      0.21960347E-01   1.2546520      0.16125926E-01
   1.7165798      0.20753589E-01   1.2794216      0.15205814E-01
   1.7493944      0.19531815E-01   1.3034334      0.14273949E-01
   1.7811428      0.18298142E-01   1.3266007      0.13332676E-01
   1.8117121      0.17055794E-01   1.3488361      0.12384426E-01
   1.8409890      0.15808097E-01   1.3700511      0.11431704E-01
   1.8688600      0.14558461E-01   1.3901577      0.10477084E-01
   1.8952124      0.13310373E-01   1.4090676      0.95232019E-02
   1.9199346      0.12067382E-01   1.4266936      0.85727392E-02
   1.9429171      0.10833081E-01   1.4429501      0.76284160E-02
   1.9640531      0.96110921E-02   1.4577528      0.66929752E-02
   1.9832394      0.84050422E-02   1.4710205      0.57691672E-02
   2.0003769      0.72185422E-02   1.4826747      0.48597323E-02
   2.0153717      0.60551596E-02   1.4926408      0.39673809E-02
   2.0281360      0.49183903E-02   1.5008484      0.30947722E-02
   2.0385882      0.38116288E-02   1.5072320      0.22444915E-02
   2.0466547      0.27381362E-02   1.5117315      0.14190259E-02
   2.0522696      0.17010091E-02   1.5142931      0.62074153E-03
   2.0553761      0.70315012E-03   1.5148693     -0.14813957E-03
   2.0559266     -0.25275904E-03   1.5134194     -0.88555932E-03
   2.0538836     -0.11642793E-02   1.5099105     -0.15896403E-02
   2.0492199     -0.20292301E-02   1.5043171     -0.22586978E-02
   2.0419192     -0.28456983E-02   1.4966219     -0.28912473E-02
   2.0319762     -0.36120408E-02   1.4868159     -0.34860067E-02
   2.0193972     -0.43268825E-02   1.4748988     -0.40418952E-02
   2.0042001     -0.49891099E-02   1.4608787     -0.45580300E-02
   1.9864150     -0.55978665E-02   1.4447732     -0.50337231E-02
   1.9660838     -0.61525478E-02   1.4266087     -0.54684790E-02
   1.9432611     -0.66528023E-02   1.4064208     -0.58619961E-02
   1.9180135     -0.70985349E-02   1.3842544     -0.62141701E-02
   1.8904201     -0.74899150E-02   1.3601639     -0.65251010E-02
   1.8605721     -0.78273864E-02   1.3342123     -0.67951010E-02
   1.8285724     -0.81116771E-02   1.3064717     -0.70247023E-02
   1.7945352     -0.83438075E-02   1.2770226     -0.72146634E-02
   1.7585854     -0.85250941E-02   1.2459532     -0.73659716E-02
   1.7208573     -0.86571480E-02   1.2133590     -0.74798421E-02
   1.6814944     -0.87418670E-02   1.1793419     -0.75577114E-02
   1.6406472     -0.87814208E-02   1.1440093     -0.76012260E-02
   1.5984729     -0.87782296E-02   1.1074730     -0.76122252E-02
   1.5551332     -0.87349366E-02   1.0698481     -0.75927205E-02
   1.5107932     -0.86543750E-02   1.0312523     -0.75448698E-02
   1.4656200     -0.85395320E-02  0.99180387     -0.74709490E-02
   1.4197808     -0.83935085E-02  0.95162132     -0.73733222E-02
   1.3734418     -0.82194776E-02  0.91082180     -0.72544091E-02
   1.3267666     -0.80206437E-02  0.86952010     -0.71166543E-02
   1.2799148     -0.78002021E-02  0.82782765     -0.69624955E-02
   1.2330409     -0.75613003E-02  0.78585149     -0.67943353E-02
   1.1862932     -0.73070026E-02  0.74369347     -0.66145136E-02
   1.1398128     -0.70402592E-02  0.70144947     -0.64252842E-02
   1.0937325     -0.67638786E-02  0.65920876     -0.62287943E-02
   1.0481770     -0.64805049E-02  0.61705347     -0.60270679E-02
   1.0032613     -0.61926007E-02  0.57505818     -0.58219922E-02
  0.95909119     -0.59024339E-02  0.53328960     -0.56153089E-02
  0.91576273     -0.56120695E-02  0.49180635     -0.54086083E-02
  0.87336215     -0.53233663E-02  0.45065891     -0.52033264E-02
  0.83196599     -0.50379765E-02  0.40988951     -0.50007463E-02
  0.79164122     -0.47573495E-02  0.36953222     -0.48020003E-02
  0.75244548     -0.44827387E-02  0.32961302     -0.46080763E-02
  0.71442743     -0.42152101E-02  0.29014996     -0.44198237E-02
  0.67762709     -0.39556533E-02  0.25115331     -0.42379628E-02
  0.64207630     -0.37047937E-02  0.21262578     -0.40630930E-02
  0.60779912     -0.34632056E-02  0.17456275     -0.38957029E-02
  0.57481237     -0.32313253E-02  0.13695243     -0.37361800E-02
  0.54312605     -0.30094652E-02  0.99776153E-01 -0.35848203E-02
  0.51274388     -0.27978265E-02  0.63008542E-01 -0.34418372E-02
  0.48366371     -0.25965127E-02  0.26617752E-01 -0.33073700E-02
  0.45587805     -0.24055410E-02 -0.94343297E-02 -0.31814918E-02
  0.42937448     -0.22248542E-02 -0.45191866E-01 -0.30642164E-02
  0.40413611     -0.20543308E-02 -0.80704858E-01 -0.29555037E-02
  0.38014194     -0.18937948E-02 -0.11602892     -0.28552650E-02
  0.35736734     -0.17430241E-02 -0.15122504     -0.27633669E-02
  0.33578436     -0.16017584E-02 -0.18635931     -0.26796342E-02
  0.31536210     -0.14697062E-02 -0.22150260     -0.26038522E-02
  0.29606707     -0.13465511E-02 -0.25673021     -0.25357680E-02
  0.27786351     -0.12319573E-02 -0.29212146     -0.24750907E-02
  0.26071366     -0.11255748E-02 -0.32775914     -0.24214907E-02
  0.24457808     -0.10270438E-02 -0.36372890     -0.23745984E-02
  0.22941588     -0.93599907E-03 -0.40011849     -0.23340013E-02
  0.21518496     -0.85207372E-03 -0.43701680     -0.22992399E-02
  0.20184225     -0.77490240E-03 -0.47451272     -0.22698016E-02
  0.18934385     -0.70412449E-03 -0.51269373     -0.22451138E-02
  0.17764522     -0.63938676E-03 -0.55164406     -0.22245341E-02
  0.16670127     -0.58034567E-03 -0.59144255     -0.22073382E-02
  0.15646648     -0.52666931E-03 -0.63215991     -0.21927057E-02
  0.14689495     -0.47803899E-03 -0.67385534     -0.21797033E-02
  0.13794041     -0.43415096E-03 -0.71657238     -0.21672645E-02
  0.12955625     -0.39471530E-03 -0.76033386     -0.21541678E-02
  0.12169548     -0.35945817E-03 -0.80513566     -0.21390110E-02
POT:
  333    1     0.03000     2.57630
 2.050282791D+02 2.055506935D+02 2.060995370D+02 2.064229217D+02 2.066555251D+02
 2.068416763D+02 2.069960805D+02 2.071289961D+02 2.072462190D+02 2.073515147D+02
 2.074474560D+02 2.075358769D+02 2.076181309D+02 2.076952458D+02 2.077680208D+02
 2.078370896D+02 2.079029636D+02 2.079660616D+02 2.080267308D+02 2.080852631D+02
 2.081419058D+02 2.081968706D+02 2.082503404D+02 2.083024744D+02 2.083534118D+02
 2.084032759D+02 2.084521759D+02 2.085002091D+02 2.085474633D+02 2.085940174D+02
 2.086399431D+02 2.086853056D+02 2.087301646D+02 2.087745751D+02 2.088185875D+02
 2.088622489D+02 2.089056028D+02 2.089486899D+02 2.089915483D+02 2.090342136D+02
 2.090767198D+02 2.091190985D+02 2.091613801D+02 2.092035933D+02 2.092457655D+02
 2.092879229D+02 2.093300907D+02 2.093722929D+02 2.094145529D+02 2.094568931D+02
 2.094993353D+02 2.095419004D+02 2.095846089D+02 2.096274807D+02 2.096705352D+02
 2.097137912D+02 2.097572671D+02 2.098009811D+02 2.098449507D+02 2.098891932D+02
 2.099337257D+02 2.099785646D+02 2.100237264D+02 2.100692270D+02 2.101150821D+02
 2.101613072D+02 2.102079174D+02 2.102549275D+02 2.103023520D+02 2.103502052D+02
 2.103985011D+02 2.104472531D+02 2.104964746D+02 2.105461784D+02 2.105963772D+02
 2.106470829D+02 2.106983073D+02 2.107500616D+02 2.108023565D+02 2.108552024D+02
 2.109086089D+02 2.109625850D+02 2.110171391D+02 2.110722790D+02 2.111280117D+02
 2.111843434D+02 2.112412793D+02 2.112988238D+02 2.113569804D+02 2.114157513D+02
 2.114751378D+02 2.115351398D+02 2.115957559D+02 2.116569833D+02 2.117188178D+02
 2.117812535D+02 2.118442827D+02 2.119078961D+02 2.119720822D+02 2.120368275D+02
 2.121021164D+02 2.121679307D+02 2.122342498D+02 2.123010507D+02 2.123683071D+02
 2.124359900D+02 2.125040672D+02 2.125725030D+02 2.126412584D+02 2.127102903D+02
 2.127795520D+02 2.128489922D+02 2.129185556D+02 2.129881820D+02 2.130578064D+02
 2.131273585D+02 2.131967630D+02 2.132659384D+02 2.133347977D+02 2.134032473D+02
 2.134711875D+02 2.135385114D+02 2.136051053D+02 2.136708478D+02 2.137356098D+02
 2.137992545D+02 2.138616363D+02 2.139226010D+02 2.139819856D+02 2.140396175D+02
 2.140953144D+02 2.141488844D+02 2.142001248D+02 2.142488225D+02 2.142947535D+02
 2.143376825D+02 2.143773628D+02 2.144135357D+02 2.144459308D+02 2.144742653D+02
 2.144982437D+02 2.145175583D+02 2.145318883D+02 2.145409001D+02 2.145442472D+02
 2.145415698D+02 2.145324953D+02 2.145166381D+02 2.144935998D+02 2.144629691D+02
 2.144243223D+02 2.143772237D+02 2.143212256D+02 2.142558691D+02 2.141806842D+02
 2.140951909D+02 2.139988996D+02 2.138913120D+02 2.137719218D+02 2.136402160D+02
 2.134956758D+02 2.133377777D+02 2.131659950D+02 2.129797992D+02 2.127786613D+02
 2.125620538D+02 2.123294520D+02 2.120803360D+02 2.118141927D+02 2.115305178D+02
 2.112288177D+02 2.109086118D+02 2.105694347D+02 2.102108382D+02 2.098323941D+02
 2.094336957D+02 2.090143607D+02 2.085740332D+02 2.081123855D+02 2.076291207D+02
 2.071239741D+02 2.065967153D+02 2.060471492D+02 2.054751179D+02 2.048805012D+02
 2.042632178D+02 2.036232248D+02 2.029605184D+02 2.022751328D+02 2.015671394D+02
 2.008366452D+02 2.000837907D+02 1.993087472D+02 1.985117134D+02 1.976929116D+02
 1.968525835D+02 1.959909848D+02 1.951083802D+02 1.942050369D+02 1.932812194D+02
 1.923371820D+02 1.913731636D+02 1.903893810D+02 1.893860238D+02 1.883632496D+02
 1.873211807D+02 1.862599021D+02 1.851794618D+02 1.840798730D+02 1.829611191D+02
 1.818231615D+02 1.806659500D+02 1.794894362D+02 1.782935884D+02 1.770784083D+02
 1.758439482D+02 1.745903269D+02 1.733177435D+02 1.720264875D+02 1.707169433D+02
 1.693895898D+02 1.680449928D+02 1.666837914D+02 1.653066797D+02 1.639143841D+02
 1.625076384D+02 1.610871589D+02 1.596536216D+02 1.582076418D+02 1.567497591D+02
 1.552804281D+02 1.538000143D+02 1.523087960D+02 1.508069719D+02 1.492946735D+02
 1.477719803D+02 1.462389392D+02 1.446955848D+02 1.431419609D+02 1.415781418D+02
 1.400042526D+02 1.384204877D+02 1.368271273D+02 1.352245497D+02 1.336132414D+02
 1.319938024D+02 1.303669477D+02 1.287335038D+02 1.270944014D+02 1.254506630D+02
 1.238033870D+02 1.221537269D+02 1.205028673D+02 1.188519974D+02 1.172022819D+02
 1.155548307D+02 1.139106703D+02 1.122707154D+02 1.106357464D+02 1.090063924D+02
 1.073831241D+02 1.057662584D+02 1.041559762D+02 1.025523566D+02 1.009554236D+02
 9.936520361D+01 9.778178587D+01 9.620537645D+01 9.463633583D+01 9.307519125D+01
 9.152261990D+01 8.997940514D+01 8.844637357D+01 8.692432450D+01 8.541396378D+01
 8.391585159D+01 8.243036953D+01 8.095770847D+01 7.949787507D+01 7.805071308D+01
 7.661593486D+01 7.519315850D+01 7.378194673D+01 7.238184481D+01 7.099241504D+01
 6.961326667D+01 6.824408032D+01 6.688462664D+01 6.553477916D+01 6.419452163D+01
 6.286395027D+01 6.154327147D+01 6.023279559D+01 5.893292762D+01 5.764415517D+01
 5.636703472D+01 5.510217663D+01 5.385022952D+01 5.261186464D+01 5.138776067D+01
 5.017858931D+01 4.898500212D+01 4.780761877D+01 4.664701692D+01 4.550372388D+01
 4.437821012D+01 4.327088457D+01 4.218209179D+01 4.111211074D+01 4.006115525D+01
 3.902937584D+01 3.801686284D+01 3.702365041D+01 3.604972146D+01 3.509501291D+01
 3.415942126D+01 3.324280791D+01 3.234500419D+01 3.146581563D+01 3.060502546D+01
 2.976239711D+01 2.893767577D+01 2.813058914D+01 2.734084749D+01 2.656814330D+01
 2.581215083D+01 2.507252567D+01 2.434890467D+01 2.364090625D+01 2.294813125D+01
 2.227016414D+01 2.160657511D+01 2.095692210D+01

PPAR:  Ni    VES= -0.003860
 L       ENU        C       +/-DEL   1/SQRT(P)     GAMMA      ALPHA
 0 -0.4747638 -0.3286385 -0.1817663  5.0116466  0.4056775  0.4056775
 1 -0.3302971  0.7459737  0.1532342  6.7543513  0.0977225  0.0977225
 2 -0.2162146 -0.1878702  0.0097796  0.7595295 -0.0019763 -0.0019763
