                     13 13 13  0.0000  0.9173  0.0000  0.9173  0.0000  0.9173=78
   13   13
  99.99999   0.04158   0.02559   0.02996   0.04974
   0.36864  99.99999   0.36864   0.04974   0.02996
   0.02559   0.04158  99.99999   0.04158   0.01671
   0.02824   0.02868   0.04143   0.13077   0.38650
   0.13077   0.04143   0.02868   0.02824   0.01671
   0.04158   0.02559   0.02824   0.02938   0.02785
   0.03241   0.04190   0.05126   0.04190   0.03241
   0.02785   0.02938   0.02824   0.02559   0.02996
   0.02868   0.02785   0.02856   0.02788   0.02920
   0.03099   0.02920   0.02788   0.02856   0.02785
   0.02868   0.02996   0.04974   0.04143   0.03241
   0.02788   0.03035   0.03386   0.03476   0.03386
   0.03035   0.02788   0.03241   0.04143   0.04974
   0.36864   0.13077   0.04190   0.02920   0.03386
   0.02762   0.00839   0.02762   0.03386   0.02920
   0.04190   0.13077   0.36864  99.99999   0.38650
   0.05126   0.03099   0.03476   0.00839  99.99999
   0.00839   0.03476   0.03099   0.05126   0.38650
  99.99999   0.36864   0.13077   0.04190   0.02920
   0.03386   0.02762   0.00839   0.02762   0.03386
   0.02920   0.04190   0.13077   0.36864   0.04974
   0.04143   0.03241   0.02788   0.03035   0.03386
   0.03476   0.03386   0.03035   0.02788   0.03241
   0.04143   0.04974   0.02996   0.02868   0.02785
   0.02856   0.02788   0.02920   0.03099   0.02920
   0.02788   0.02856   0.02785   0.02868   0.02996
   0.02559   0.02824   0.02938   0.02785   0.03241
   0.04190   0.05126   0.04190   0.03241   0.02785
   0.02938   0.02824   0.02559   0.04158   0.01671
   0.02824   0.02868   0.04143   0.13077   0.38650
   0.13077   0.04143   0.02868   0.02824   0.01671
   0.04158  99.99999   0.04158   0.02559   0.02996
   0.04974   0.36864  99.99999   0.36864   0.04974
   0.02996   0.02559   0.04158  99.99999   0.04158
   0.01671   0.02824   0.02868   0.04143   0.13077
   0.38650   0.13077   0.04143   0.02868   0.02824
   0.01671   0.04158   0.01671   0.02295   0.03186
   0.03227   0.04119   0.07468   0.12948   0.07468
   0.04119   0.03227   0.03186   0.02295   0.01671
   0.02824   0.03186   0.03992   0.04567   0.04481
   0.04128   0.04173   0.04128   0.04481   0.04567
   0.03992   0.03186   0.02824   0.02868   0.03227
   0.04567   0.05960   0.04565   0.03251   0.02921
   0.03251   0.04565   0.05960   0.04567   0.03227
   0.02868   0.04143   0.04119   0.04481   0.04565
   0.04036   0.03537   0.03388   0.03537   0.04036
   0.04565   0.04481   0.04119   0.04143   0.13077
   0.07468   0.04128   0.03251   0.03537   0.03567
   0.02763   0.03567   0.03537   0.03251   0.04128
   0.07468   0.13077   0.38650   0.12948   0.04173
   0.02921   0.03388   0.02763   0.00832   0.02763
   0.03388   0.02921   0.04173   0.12948   0.38650
   0.13077   0.07468   0.04128   0.03251   0.03537
   0.03567   0.02763   0.03567   0.03537   0.03251
   0.04128   0.07468   0.13077   0.04143   0.04119
   0.04481   0.04565   0.04036   0.03537   0.03388
   0.03537   0.04036   0.04565   0.04481   0.04119
   0.04143   0.02868   0.03227   0.04567   0.05960
   0.04565   0.03251   0.02921   0.03251   0.04565
   0.05960   0.04567   0.03227   0.02868   0.02824
   0.03186   0.03992   0.04567   0.04481   0.04128
   0.04173   0.04128   0.04481   0.04567   0.03992
   0.03186   0.02824   0.01671   0.02295   0.03186
   0.03227   0.04119   0.07468   0.12948   0.07468
   0.04119   0.03227   0.03186   0.02295   0.01671
   0.04158   0.01671   0.02824   0.02868   0.04143
   0.13077   0.38650   0.13077   0.04143   0.02868
   0.02824   0.01671   0.04158   0.02559   0.02824
   0.02938   0.02785   0.03241   0.04190   0.05126
   0.04190   0.03241   0.02785   0.02938   0.02824
   0.02559   0.02824   0.03186   0.03992   0.04567
   0.04481   0.04128   0.04173   0.04128   0.04481
   0.04567   0.03992   0.03186   0.02824   0.02938
   0.03992   0.08797   0.18150   0.09735   0.04476
   0.03236   0.04476   0.09735   0.18150   0.08797
   0.03992   0.02938   0.02785   0.04567   0.18150
   0.63954   0.18140   0.04564   0.02790   0.04564
   0.18140   0.63954   0.18150   0.04567   0.02785
   0.03241   0.04481   0.09735   0.18140   0.08836
   0.04038   0.03037   0.04038   0.08836   0.18140
   0.09735   0.04481   0.03241   0.04190   0.04128
   0.04476   0.04564   0.04038   0.03535   0.03385
   0.03535   0.04038   0.04564   0.04476   0.04128
   0.04190   0.05126   0.04173   0.03236   0.02790
   0.03037   0.03385   0.03474   0.03385   0.03037
   0.02790   0.03236   0.04173   0.05126   0.04190
   0.04128   0.04476   0.04564   0.04038   0.03535
   0.03385   0.03535   0.04038   0.04564   0.04476
   0.04128   0.04190   0.03241   0.04481   0.09735
   0.18140   0.08836   0.04038   0.03037   0.04038
   0.08836   0.18140   0.09735   0.04481   0.03241
   0.02785   0.04567   0.18150   0.63954   0.18140
   0.04564   0.02790   0.04564   0.18140   0.63954
   0.18150   0.04567   0.02785   0.02938   0.03992
   0.08797   0.18150   0.09735   0.04476   0.03236
   0.04476   0.09735   0.18150   0.08797   0.03992
   0.02938   0.02824   0.03186   0.03992   0.04567
   0.04481   0.04128   0.04173   0.04128   0.04481
   0.04567   0.03992   0.03186   0.02824   0.02559
   0.02824   0.02938   0.02785   0.03241   0.04190
   0.05126   0.04190   0.03241   0.02785   0.02938
   0.02824   0.02559   0.02996   0.02868   0.02785
   0.02856   0.02788   0.02920   0.03099   0.02920
   0.02788   0.02856   0.02785   0.02868   0.02996
   0.02868   0.03227   0.04567   0.05960   0.04565
   0.03251   0.02921   0.03251   0.04565   0.05960
   0.04567   0.03227   0.02868   0.02785   0.04567
   0.18150   0.63954   0.18140   0.04564   0.02790
   0.04564   0.18140   0.63954   0.18150   0.04567
   0.02785   0.02856   0.05960   0.63954  99.99999
   0.63957   0.05955   0.02850   0.05955   0.63957
  99.99999   0.63954   0.05960   0.02856   0.02788
   0.04565   0.18140   0.63957   0.18169   0.04563
   0.02778   0.04563   0.18169   0.63957   0.18140
   0.04565   0.02788   0.02920   0.03251   0.04564
   0.05955   0.04563   0.03234   0.02893   0.03234
   0.04563   0.05955   0.04564   0.03251   0.02920
   0.03099   0.02921   0.02790   0.02850   0.02778
   0.02893   0.03063   0.02893   0.02778   0.02850
   0.02790   0.02921   0.03099   0.02920   0.03251
   0.04564   0.05955   0.04563   0.03234   0.02893
   0.03234   0.04563   0.05955   0.04564   0.03251
   0.02920   0.02788   0.04565   0.18140   0.63957
   0.18169   0.04563   0.02778   0.04563   0.18169
   0.63957   0.18140   0.04565   0.02788   0.02856
   0.05960   0.63954  99.99999   0.63957   0.05955
   0.02850   0.05955   0.63957  99.99999   0.63954
   0.05960   0.02856   0.02785   0.04567   0.18150
   0.63954   0.18140   0.04564   0.02790   0.04564
   0.18140   0.63954   0.18150   0.04567   0.02785
   0.02868   0.03227   0.04567   0.05960   0.04565
   0.03251   0.02921   0.03251   0.04565   0.05960
   0.04567   0.03227   0.02868   0.02996   0.02868
   0.02785   0.02856   0.02788   0.02920   0.03099
   0.02920   0.02788   0.02856   0.02785   0.02868
   0.02996   0.04974   0.04143   0.03241   0.02788
   0.03035   0.03386   0.03476   0.03386   0.03035
   0.02788   0.03241   0.04143   0.04974   0.04143
   0.04119   0.04481   0.04565   0.04036   0.03537
   0.03388   0.03537   0.04036   0.04565   0.04481
   0.04119   0.04143   0.03241   0.04481   0.09735
   0.18140   0.08836   0.04038   0.03037   0.04038
   0.08836   0.18140   0.09735   0.04481   0.03241
   0.02788   0.04565   0.18140   0.63957   0.18169
   0.04563   0.02778   0.04563   0.18169   0.63957
   0.18140   0.04565   0.02788   0.03035   0.04036
   0.08836   0.18169   0.09745   0.04449   0.03194
   0.04449   0.09745   0.18169   0.08836   0.04036
   0.03035   0.03386   0.03537   0.04038   0.04563
   0.04449   0.04070   0.04122   0.04070   0.04449
   0.04563   0.04038   0.03537   0.03386   0.03476
   0.03388   0.03037   0.02778   0.03194   0.04122
   0.05102   0.04122   0.03194   0.02778   0.03037
   0.03388   0.03476   0.03386   0.03537   0.04038
   0.04563   0.04449   0.04070   0.04122   0.04070
   0.04449   0.04563   0.04038   0.03537   0.03386
   0.03035   0.04036   0.08836   0.18169   0.09745
   0.04449   0.03194   0.04449   0.09745   0.18169
   0.08836   0.04036   0.03035   0.02788   0.04565
   0.18140   0.63957   0.18169   0.04563   0.02778
   0.04563   0.18169   0.63957   0.18140   0.04565
   0.02788   0.03241   0.04481   0.09735   0.18140
   0.08836   0.04038   0.03037   0.04038   0.08836
   0.18140   0.09735   0.04481   0.03241   0.04143
   0.04119   0.04481   0.04565   0.04036   0.03537
   0.03388   0.03537   0.04036   0.04565   0.04481
   0.04119   0.04143   0.04974   0.04143   0.03241
   0.02788   0.03035   0.03386   0.03476   0.03386
   0.03035   0.02788   0.03241   0.04143   0.04974
   0.36864   0.13077   0.04190   0.02920   0.03386
   0.02762   0.00839   0.02762   0.03386   0.02920
   0.04190   0.13077   0.36864   0.13077   0.07468
   0.04128   0.03251   0.03537   0.03567   0.02763
   0.03567   0.03537   0.03251   0.04128   0.07468
   0.13077   0.04190   0.04128   0.04476   0.04564
   0.04038   0.03535   0.03385   0.03535   0.04038
   0.04564   0.04476   0.04128   0.04190   0.02920
   0.03251   0.04564   0.05955   0.04563   0.03234
   0.02893   0.03234   0.04563   0.05955   0.04564
   0.03251   0.02920   0.03386   0.03537   0.04038
   0.04563   0.04449   0.04070   0.04122   0.04070
   0.04449   0.04563   0.04038   0.03537   0.03386
   0.02762   0.03567   0.03535   0.03234   0.04070
   0.07314   0.12897   0.07314   0.04070   0.03234
   0.03535   0.03567   0.02762   0.00839   0.02763
   0.03385   0.02893   0.04122   0.12897   0.39036
   0.12897   0.04122   0.02893   0.03385   0.02763
   0.00839   0.02762   0.03567   0.03535   0.03234
   0.04070   0.07314   0.12897   0.07314   0.04070
   0.03234   0.03535   0.03567   0.02762   0.03386
   0.03537   0.04038   0.04563   0.04449   0.04070
   0.04122   0.04070   0.04449   0.04563   0.04038
   0.03537   0.03386   0.02920   0.03251   0.04564
   0.05955   0.04563   0.03234   0.02893   0.03234
   0.04563   0.05955   0.04564   0.03251   0.02920
   0.04190   0.04128   0.04476   0.04564   0.04038
   0.03535   0.03385   0.03535   0.04038   0.04564
   0.04476   0.04128   0.04190   0.13077   0.07468
   0.04128   0.03251   0.03537   0.03567   0.02763
   0.03567   0.03537   0.03251   0.04128   0.07468
   0.13077   0.36864   0.13077   0.04190   0.02920
   0.03386   0.02762   0.00839   0.02762   0.03386
   0.02920   0.04190   0.13077   0.36864  99.99999
   0.38650   0.05126   0.03099   0.03476   0.00839
  99.99999   0.00839   0.03476   0.03099   0.05126
   0.38650  99.99999   0.38650   0.12948   0.04173
   0.02921   0.03388   0.02763   0.00832   0.02763
   0.03388   0.02921   0.04173   0.12948   0.38650
   0.05126   0.04173   0.03236   0.02790   0.03037
   0.03385   0.03474   0.03385   0.03037   0.02790
   0.03236   0.04173   0.05126   0.03099   0.02921
   0.02790   0.02850   0.02778   0.02893   0.03063
   0.02893   0.02778   0.02850   0.02790   0.02921
   0.03099   0.03476   0.03388   0.03037   0.02778
   0.03194   0.04122   0.05102   0.04122   0.03194
   0.02778   0.03037   0.03388   0.03476   0.00839
   0.02763   0.03385   0.02893   0.04122   0.12897
   0.39036   0.12897   0.04122   0.02893   0.03385
   0.02763   0.00839  99.99999   0.00832   0.03474
   0.03063   0.05102   0.39036  99.99999   0.39036
   0.05102   0.03063   0.03474   0.00832  99.99999
   0.00839   0.02763   0.03385   0.02893   0.04122
   0.12897   0.39036   0.12897   0.04122   0.02893
   0.03385   0.02763   0.00839   0.03476   0.03388
   0.03037   0.02778   0.03194   0.04122   0.05102
   0.04122   0.03194   0.02778   0.03037   0.03388
   0.03476   0.03099   0.02921   0.02790   0.02850
   0.02778   0.02893   0.03063   0.02893   0.02778
   0.02850   0.02790   0.02921   0.03099   0.05126
   0.04173   0.03236   0.02790   0.03037   0.03385
   0.03474   0.03385   0.03037   0.02790   0.03236
   0.04173   0.05126   0.38650   0.12948   0.04173
   0.02921   0.03388   0.02763   0.00832   0.02763
   0.03388   0.02921   0.04173   0.12948   0.38650
  99.99999   0.38650   0.05126   0.03099   0.03476
   0.00839  99.99999   0.00839   0.03476   0.03099
   0.05126   0.38650  99.99999   0.36864   0.13077
   0.04190   0.02920   0.03386   0.02762   0.00839
   0.02762   0.03386   0.02920   0.04190   0.13077
   0.36864   0.13077   0.07468   0.04128   0.03251
   0.03537   0.03567   0.02763   0.03567   0.03537
   0.03251   0.04128   0.07468   0.13077   0.04190
   0.04128   0.04476   0.04564   0.04038   0.03535
   0.03385   0.03535   0.04038   0.04564   0.04476
   0.04128   0.04190   0.02920   0.03251   0.04564
   0.05955   0.04563   0.03234   0.02893   0.03234
   0.04563   0.05955   0.04564   0.03251   0.02920
   0.03386   0.03537   0.04038   0.04563   0.04449
   0.04070   0.04122   0.04070   0.04449   0.04563
   0.04038   0.03537   0.03386   0.02762   0.03567
   0.03535   0.03234   0.04070   0.07314   0.12897
   0.07314   0.04070   0.03234   0.03535   0.03567
   0.02762   0.00839   0.02763   0.03385   0.02893
   0.04122   0.12897   0.39036   0.12897   0.04122
   0.02893   0.03385   0.02763   0.00839   0.02762
   0.03567   0.03535   0.03234   0.04070   0.07314
   0.12897   0.07314   0.04070   0.03234   0.03535
   0.03567   0.02762   0.03386   0.03537   0.04038
   0.04563   0.04449   0.04070   0.04122   0.04070
   0.04449   0.04563   0.04038   0.03537   0.03386
   0.02920   0.03251   0.04564   0.05955   0.04563
   0.03234   0.02893   0.03234   0.04563   0.05955
   0.04564   0.03251   0.02920   0.04190   0.04128
   0.04476   0.04564   0.04038   0.03535   0.03385
   0.03535   0.04038   0.04564   0.04476   0.04128
   0.04190   0.13077   0.07468   0.04128   0.03251
   0.03537   0.03567   0.02763   0.03567   0.03537
   0.03251   0.04128   0.07468   0.13077   0.36864
   0.13077   0.04190   0.02920   0.03386   0.02762
   0.00839   0.02762   0.03386   0.02920   0.04190
   0.13077   0.36864   0.04974   0.04143   0.03241
   0.02788   0.03035   0.03386   0.03476   0.03386
   0.03035   0.02788   0.03241   0.04143   0.04974
   0.04143   0.04119   0.04481   0.04565   0.04036
   0.03537   0.03388   0.03537   0.04036   0.04565
   0.04481   0.04119   0.04143   0.03241   0.04481
   0.09735   0.18140   0.08836   0.04038   0.03037
   0.04038   0.08836   0.18140   0.09735   0.04481
   0.03241   0.02788   0.04565   0.18140   0.63957
   0.18169   0.04563   0.02778   0.04563   0.18169
   0.63957   0.18140   0.04565   0.02788   0.03035
   0.04036   0.08836   0.18169   0.09745   0.04449
   0.03194   0.04449   0.09745   0.18169   0.08836
   0.04036   0.03035   0.03386   0.03537   0.04038
   0.04563   0.04449   0.04070   0.04122   0.04070
   0.04449   0.04563   0.04038   0.03537   0.03386
   0.03476   0.03388   0.03037   0.02778   0.03194
   0.04122   0.05102   0.04122   0.03194   0.02778
   0.03037   0.03388   0.03476   0.03386   0.03537
   0.04038   0.04563   0.04449   0.04070   0.04122
   0.04070   0.04449   0.04563   0.04038   0.03537
   0.03386   0.03035   0.04036   0.08836   0.18169
   0.09745   0.04449   0.03194   0.04449   0.09745
   0.18169   0.08836   0.04036   0.03035   0.02788
   0.04565   0.18140   0.63957   0.18169   0.04563
   0.02778   0.04563   0.18169   0.63957   0.18140
   0.04565   0.02788   0.03241   0.04481   0.09735
   0.18140   0.08836   0.04038   0.03037   0.04038
   0.08836   0.18140   0.09735   0.04481   0.03241
   0.04143   0.04119   0.04481   0.04565   0.04036
   0.03537   0.03388   0.03537   0.04036   0.04565
   0.04481   0.04119   0.04143   0.04974   0.04143
   0.03241   0.02788   0.03035   0.03386   0.03476
   0.03386   0.03035   0.02788   0.03241   0.04143
   0.04974   0.02996   0.02868   0.02785   0.02856
   0.02788   0.02920   0.03099   0.02920   0.02788
   0.02856   0.02785   0.02868   0.02996   0.02868
   0.03227   0.04567   0.05960   0.04565   0.03251
   0.02921   0.03251   0.04565   0.05960   0.04567
   0.03227   0.02868   0.02785   0.04567   0.18150
   0.63954   0.18140   0.04564   0.02790   0.04564
   0.18140   0.63954   0.18150   0.04567   0.02785
   0.02856   0.05960   0.63954  99.99999   0.63957
   0.05955   0.02850   0.05955   0.63957  99.99999
   0.63954   0.05960   0.02856   0.02788   0.04565
   0.18140   0.63957   0.18169   0.04563   0.02778
   0.04563   0.18169   0.63957   0.18140   0.04565
   0.02788   0.02920   0.03251   0.04564   0.05955
   0.04563   0.03234   0.02893   0.03234   0.04563
   0.05955   0.04564   0.03251   0.02920   0.03099
   0.02921   0.02790   0.02850   0.02778   0.02893
   0.03063   0.02893   0.02778   0.02850   0.02790
   0.02921   0.03099   0.02920   0.03251   0.04564
   0.05955   0.04563   0.03234   0.02893   0.03234
   0.04563   0.05955   0.04564   0.03251   0.02920
   0.02788   0.04565   0.18140   0.63957   0.18169
   0.04563   0.02778   0.04563   0.18169   0.63957
   0.18140   0.04565   0.02788   0.02856   0.05960
   0.63954  99.99999   0.63957   0.05955   0.02850
   0.05955   0.63957  99.99999   0.63954   0.05960
   0.02856   0.02785   0.04567   0.18150   0.63954
   0.18140   0.04564   0.02790   0.04564   0.18140
   0.63954   0.18150   0.04567   0.02785   0.02868
   0.03227   0.04567   0.05960   0.04565   0.03251
   0.02921   0.03251   0.04565   0.05960   0.04567
   0.03227   0.02868   0.02996   0.02868   0.02785
   0.02856   0.02788   0.02920   0.03099   0.02920
   0.02788   0.02856   0.02785   0.02868   0.02996
   0.02559   0.02824   0.02938   0.02785   0.03241
   0.04190   0.05126   0.04190   0.03241   0.02785
   0.02938   0.02824   0.02559   0.02824   0.03186
   0.03992   0.04567   0.04481   0.04128   0.04173
   0.04128   0.04481   0.04567   0.03992   0.03186
   0.02824   0.02938   0.03992   0.08797   0.18150
   0.09735   0.04476   0.03236   0.04476   0.09735
   0.18150   0.08797   0.03992   0.02938   0.02785
   0.04567   0.18150   0.63954   0.18140   0.04564
   0.02790   0.04564   0.18140   0.63954   0.18150
   0.04567   0.02785   0.03241   0.04481   0.09735
   0.18140   0.08836   0.04038   0.03037   0.04038
   0.08836   0.18140   0.09735   0.04481   0.03241
   0.04190   0.04128   0.04476   0.04564   0.04038
   0.03535   0.03385   0.03535   0.04038   0.04564
   0.04476   0.04128   0.04190   0.05126   0.04173
   0.03236   0.02790   0.03037   0.03385   0.03474
   0.03385   0.03037   0.02790   0.03236   0.04173
   0.05126   0.04190   0.04128   0.04476   0.04564
   0.04038   0.03535   0.03385   0.03535   0.04038
   0.04564   0.04476   0.04128   0.04190   0.03241
   0.04481   0.09735   0.18140   0.08836   0.04038
   0.03037   0.04038   0.08836   0.18140   0.09735
   0.04481   0.03241   0.02785   0.04567   0.18150
   0.63954   0.18140   0.04564   0.02790   0.04564
   0.18140   0.63954   0.18150   0.04567   0.02785
   0.02938   0.03992   0.08797   0.18150   0.09735
   0.04476   0.03236   0.04476   0.09735   0.18150
   0.08797   0.03992   0.02938   0.02824   0.03186
   0.03992   0.04567   0.04481   0.04128   0.04173
   0.04128   0.04481   0.04567   0.03992   0.03186
   0.02824   0.02559   0.02824   0.02938   0.02785
   0.03241   0.04190   0.05126   0.04190   0.03241
   0.02785   0.02938   0.02824   0.02559   0.04158
   0.01671   0.02824   0.02868   0.04143   0.13077
   0.38650   0.13077   0.04143   0.02868   0.02824
   0.01671   0.04158   0.01671   0.02295   0.03186
   0.03227   0.04119   0.07468   0.12948   0.07468
   0.04119   0.03227   0.03186   0.02295   0.01671
   0.02824   0.03186   0.03992   0.04567   0.04481
   0.04128   0.04173   0.04128   0.04481   0.04567
   0.03992   0.03186   0.02824   0.02868   0.03227
   0.04567   0.05960   0.04565   0.03251   0.02921
   0.03251   0.04565   0.05960   0.04567   0.03227
   0.02868   0.04143   0.04119   0.04481   0.04565
   0.04036   0.03537   0.03388   0.03537   0.04036
   0.04565   0.04481   0.04119   0.04143   0.13077
   0.07468   0.04128   0.03251   0.03537   0.03567
   0.02763   0.03567   0.03537   0.03251   0.04128
   0.07468   0.13077   0.38650   0.12948   0.04173
   0.02921   0.03388   0.02763   0.00832   0.02763
   0.03388   0.02921   0.04173   0.12948   0.38650
   0.13077   0.07468   0.04128   0.03251   0.03537
   0.03567   0.02763   0.03567   0.03537   0.03251
   0.04128   0.07468   0.13077   0.04143   0.04119
   0.04481   0.04565   0.04036   0.03537   0.03388
   0.03537   0.04036   0.04565   0.04481   0.04119
   0.04143   0.02868   0.03227   0.04567   0.05960
   0.04565   0.03251   0.02921   0.03251   0.04565
   0.05960   0.04567   0.03227   0.02868   0.02824
   0.03186   0.03992   0.04567   0.04481   0.04128
   0.04173   0.04128   0.04481   0.04567   0.03992
   0.03186   0.02824   0.01671   0.02295   0.03186
   0.03227   0.04119   0.07468   0.12948   0.07468
   0.04119   0.03227   0.03186   0.02295   0.01671
   0.04158   0.01671   0.02824   0.02868   0.04143
   0.13077   0.38650   0.13077   0.04143   0.02868
   0.02824   0.01671   0.04158  99.99999   0.04158
   0.02559   0.02996   0.04974   0.36864  99.99999
   0.36864   0.04974   0.02996   0.02559   0.04158
  99.99999   0.04158   0.01671   0.02824   0.02868
   0.04143   0.13077   0.38650   0.13077   0.04143
   0.02868   0.02824   0.01671   0.04158   0.02559
   0.02824   0.02938   0.02785   0.03241   0.04190
   0.05126   0.04190   0.03241   0.02785   0.02938
   0.02824   0.02559   0.02996   0.02868   0.02785
   0.02856   0.02788   0.02920   0.03099   0.02920
   0.02788   0.02856   0.02785   0.02868   0.02996
   0.04974   0.04143   0.03241   0.02788   0.03035
   0.03386   0.03476   0.03386   0.03035   0.02788
   0.03241   0.04143   0.04974   0.36864   0.13077
   0.04190   0.02920   0.03386   0.02762   0.00839
   0.02762   0.03386   0.02920   0.04190   0.13077
   0.36864  99.99999   0.38650   0.05126   0.03099
   0.03476   0.00839  99.99999   0.00839   0.03476
   0.03099   0.05126   0.38650  99.99999   0.36864
   0.13077   0.04190   0.02920   0.03386   0.02762
   0.00839   0.02762   0.03386   0.02920   0.04190
   0.13077   0.36864   0.04974   0.04143   0.03241
   0.02788   0.03035   0.03386   0.03476   0.03386
   0.03035   0.02788   0.03241   0.04143   0.04974
   0.02996   0.02868   0.02785   0.02856   0.02788
   0.02920   0.03099   0.02920   0.02788   0.02856
   0.02785   0.02868   0.02996   0.02559   0.02824
   0.02938   0.02785   0.03241   0.04190   0.05126
   0.04190   0.03241   0.02785   0.02938   0.02824
   0.02559   0.04158   0.01671   0.02824   0.02868
   0.04143   0.13077   0.38650   0.13077   0.04143
   0.02868   0.02824   0.01671   0.04158  99.99999
   0.04158   0.02559   0.02996   0.04974   0.36864
  99.99999   0.36864   0.04974   0.02996   0.02559
   0.04158  99.99999
