GENERAL: LMX=2  NSPIN=2   WSR= 2.831544  REL=T  NR=345  A=.030
   Z=31  QC=28  QTOT= 0.091296

 SPIN 1:

 ETOT  =  -1941.3182189  EKIN =    1978.5927079  UTOT =  -3919.9106712
 EMAD  =     -0.0002557  SUMEC=   -1119.7243849  SUMEV=     -0.6567737
 RHOV  =  -3098.9738665  UNUCL=   -4691.8532357  UELEC=    845.4131567
 RHOEPS=    -73.4705922  REPSNL=      0.0000000  RHOMU=    -97.1052069
 RMUNL =      0.0000000

 SPIN 2:

 ETOT  =  -1942.3685613  EKIN =    1978.7564640  UTOT =  -3921.1228035
 EMAD  =     -0.0022218  SUMEC=   -1119.7285487  SUMEV=     -0.6654294
 RHOV  =  -3099.1504421  UNUCL=   -4694.0821570  UELEC=    846.4795739
 RHOEPS=    -73.5202204  REPSNL=      0.0000000  RHOMU=    -97.1817647
 RMUNL =      0.0000000

 ETOT  =  -3883.6867802  EKIN =    3957.3491719  UTOT =  -7841.0334747
 EMAD  =     -0.0024775  SUMEC=   -2239.4529335  SUMEV=     -1.3222032
 RHOV  =  -6198.1243086  UNUCL=   -9385.9353927  UELEC=   1691.8927307
 RHOEPS=   -146.9908127  REPSNL=      0.0000000  RHOMU=   -194.2869716
 RMUNL =      0.0000000

MOMNTS:  Ga    VRMAX= -0.752595
 L      PL         Q0         Q1         Q2   IDMOD     DL
 0  4.8061340  0.5701732 -0.0130460  0.0133894  0  -1.4336857
 1  4.5839852  0.7570320 -0.0068563  0.0124375  0  -0.2701455
 2  4.1852501  0.1822173 -0.0000000  0.0019556  0   1.5197505
 0  4.8050885  0.5755067 -0.0112064  0.0093425  0  -1.4236976
 1  4.6039595  0.8231980 -0.0062591  0.0118431  0  -0.3387287
 2  4.1903926  0.1831690  0.0000000  0.0016571  0   1.4675582
COR:
  345    2     0.03000   12
 0.000000000D+00 1.697869157D-06 6.747505549D-06 1.531249451D-05 2.762794407D-05
 4.395734419D-05 6.460146272D-05 8.988297695D-05 1.201509850D-04 1.557805731D-04
 1.971737758D-04 2.447607769D-04 2.990013093D-04 3.603862296D-04 4.294392488D-04
 5.067188067D-04 5.928200890D-04 6.883771851D-04 7.940653895D-04 9.106036519D-04
 1.038757181D-03 1.179340207D-03 1.333218915D-03 1.501314551D-03 1.684606719D-03
 1.884136860D-03 2.101011956D-03 2.336408430D-03 2.591576287D-03 2.867843490D-03
 3.166620591D-03 3.489405625D-03 3.837789293D-03 4.213460435D-03 4.618211815D-03
 5.053946243D-03 5.522683039D-03 6.026564859D-03 6.567864918D-03 7.148994607D-03
 7.772511545D-03 8.441128077D-03 9.157720252D-03 9.925337286D-03 1.074721157D-02
 1.162676920D-02 1.256764112D-02 1.357367486D-02 1.464894690D-02 1.579777570D-02
 1.702473552D-02 1.833467082D-02 1.973271163D-02 2.122428955D-02 2.281515476D-02
 2.451139380D-02 2.631944840D-02 2.824613518D-02 3.029866648D-02 3.248467216D-02
 3.481222266D-02 3.728985308D-02 3.992658859D-02 4.273197109D-02 4.571608717D-02
 4.888959752D-02 5.226376771D-02 5.585050058D-02 5.966237005D-02 6.371265669D-02
 6.801538490D-02 7.258536182D-02 7.743821817D-02 8.259045078D-02 8.805946721D-02
 9.386363229D-02 1.000223167D-01 1.065559479D-01 1.134860626D-01 1.208353624D-01
 1.286277708D-01 1.368884935D-01 1.456440798D-01 1.549224879D-01 1.647531514D-01
 1.751670493D-01 1.861967777D-01 1.978766244D-01 2.102426462D-01 2.233327486D-01
 2.371867675D-01 2.518465546D-01 2.673560635D-01 2.837614403D-01 3.011111142D-01
 3.194558921D-01 3.388490543D-01 3.593464527D-01 3.810066095D-01 4.038908193D-01
 4.280632507D-01 4.535910496D-01 4.805444434D-01 5.089968448D-01 5.390249559D-01
 5.707088716D-01 6.041321814D-01 6.393820700D-01 6.765494154D-01 7.157288834D-01
 7.570190184D-01 8.005223296D-01 8.463453710D-01 8.945988148D-01 9.453975165D-01
 9.988605711D-01 1.055111358D+00 1.114277574D+00 1.176491255D+00 1.241888774D+00
 1.310610835D+00 1.382802436D+00 1.458612815D+00 1.538195372D+00 1.621707568D+00
 1.709310786D+00 1.801170174D+00 1.897454442D+00 1.998335628D+00 2.103988822D+00
 2.214591844D+00 2.330324883D+00 2.451370075D+00 2.577911032D+00 2.710132317D+00
 2.848218847D+00 2.992355244D+00 3.142725104D+00 3.299510202D+00 3.462889614D+00
 3.633038767D+00 3.810128392D+00 3.994323403D+00 4.185781681D+00 4.384652759D+00
 4.591076421D+00 4.805181201D+00 5.027082781D+00 5.256882296D+00 5.494664535D+00
 5.740496050D+00 5.994423168D+00 6.256469914D+00 6.526635848D+00 6.804893820D+00
 7.091187658D+00 7.385429793D+00 7.687498830D+00 7.997237096D+00 8.314448154D+00
 8.638894328D+00 8.970294246D+00 9.308320430D+00 9.652596955D+00 1.000269722D+01
 1.035814185D+01 1.071839676D+01 1.108287147D+01 1.145091763D+01 1.182182787D+01
 1.219483500D+01 1.256911164D+01 1.294377020D+01 1.331786353D+01 1.369038601D+01
 1.406027534D+01 1.442641495D+01 1.478763725D+01 1.514272756D+01 1.549042901D+01
 1.582944825D+01 1.615846217D+01 1.647612558D+01 1.678107987D+01 1.707196280D+01
 1.734741922D+01 1.760611291D+01 1.784673937D+01 1.806803964D+01 1.826881502D+01
 1.844794256D+01 1.860439138D+01 1.873723954D+01 1.884569133D+01 1.892909486D+01
 1.898695972D+01 1.901897436D+01 1.902502311D+01 1.900520240D+01 1.895983594D+01
 1.888948842D+01 1.879497752D+01 1.867738367D+01 1.853805735D+01 1.837862342D+01
 1.820098210D+01 1.800730629D+01 1.780003482D+01 1.758186130D+01 1.735571835D+01
 1.712475691D+01 1.689232049D+01 1.666191426D+01 1.643716907D+01 1.622180034D+01
 1.601956214D+01 1.583419674D+01 1.566938016D+01 1.552866413D+01 1.541541533D+01
 1.533275269D+01 1.528348369D+01 1.527004076D+01 1.529441901D+01 1.535811653D+01
 1.546207863D+01 1.560664744D+01 1.579151827D+01 1.601570426D+01 1.627751055D+01
 1.657451942D+01 1.690358751D+01 1.726085626D+01 1.764177631D+01 1.804114655D+01
 1.845316818D+01 1.887151377D+01 1.928941108D+01 1.969974099D+01 2.009514848D+01
 2.046816536D+01 2.081134281D+01 2.111739173D+01 2.137932826D+01 2.159062171D+01
 2.174534172D+01 2.183830144D+01 2.186519302D+01 2.182271199D+01 2.170866681D+01
 2.152207021D+01 2.126320893D+01 2.093368877D+01 2.053645248D+01 2.007576846D+01
 1.955718827D+01 1.898747288D+01 1.837448716D+01 1.772706376D+01 1.705483810D+01
 1.636805731D+01 1.567736673D+01 1.499357873D+01 1.432742922D+01 1.368932800D+01
 1.308910982D+01 1.253579296D+01 1.203735289D+01 1.160051774D+01 1.123059255D+01
 1.093131813D+01 1.070476973D+01 1.055129944D+01 1.046952496D+01 1.045636585D+01
 1.050712692D+01 1.061562675D+01 1.077436776D+01 1.097474280D+01 1.120727194D+01
 1.146186187D+01 1.172807957D+01 1.199543130D+01 1.225363777D+01 1.249289650D+01
 1.270412300D+01 1.287916335D+01 1.301097193D+01 1.309374956D+01 1.312303915D+01
 1.309577761D+01 1.301030404D+01 1.286632767D+01 1.266485686D+01 1.240809611D+01
 1.209931575D+01 1.174270070D+01 1.134318498D+01 1.090627835D+01 1.043789154D+01
 9.944165482D+00 9.431309741D+00 8.905454182D+00 8.372517142D+00 7.838092407D+00
 7.307356417D+00 6.784996237D+00 6.275158120D+00 5.781415785D+00 5.306757028D+00
 4.853586838D+00 4.423744895D+00 4.018535140D+00 3.638765011D+00 3.284791940D+00
 2.956574803D+00 2.653728158D+00 2.375577310D+00 2.121212487D+00 1.889540676D+00
 1.679333971D+00 1.489273538D+00 1.317988606D+00 1.164090149D+00 1.026199133D+00
 9.029694480D-01 7.931057705D-01 6.953767621D-01 6.086241000D-01 5.317678879D-01
 4.638090328D-01 4.038291674D-01 3.509886729D-01 3.045233125D-01 2.637399256D-01
 2.280115644D-01 1.967723847D-01 1.695125305D-01 1.457731867D-01 1.251419165D-01
 1.072483487D-01 9.176025477D-02 7.837997400D-02 6.684121890D-02 5.690624074D-02
 0.000000000D+00 1.697868804D-06 6.747504146D-06 1.531249132D-05 2.762793832D-05
 4.395733505D-05 6.460144929D-05 8.988295826D-05 1.201509600D-04 1.557805407D-04
 1.971737348D-04 2.447607260D-04 2.990012471D-04 3.603861547D-04 4.294391595D-04
 5.067187013D-04 5.928199657D-04 6.883770419D-04 7.940652243D-04 9.106034625D-04
 1.038756965D-03 1.179339961D-03 1.333218637D-03 1.501314239D-03 1.684606368D-03
 1.884136469D-03 2.101011519D-03 2.336407944D-03 2.591575748D-03 2.867842894D-03
 3.166619932D-03 3.489404899D-03 3.837788495D-03 4.213459558D-03 4.618210854D-03
 5.053945192D-03 5.522681890D-03 6.026563605D-03 6.567863551D-03 7.148993119D-03
 7.772509927D-03 8.441126320D-03 9.157718345D-03 9.925335220D-03 1.074720933D-02
 1.162676678D-02 1.256763851D-02 1.357367204D-02 1.464894385D-02 1.579777241D-02
 1.702473197D-02 1.833466700D-02 1.973270752D-02 2.122428513D-02 2.281515000D-02
 2.451138870D-02 2.631944292D-02 2.824612930D-02 3.029866016D-02 3.248466539D-02
 3.481221541D-02 3.728984531D-02 3.992658027D-02 4.273196218D-02 4.571607764D-02
 4.888958732D-02 5.226375682D-02 5.585048894D-02 5.966235761D-02 6.371264341D-02
 6.801537071D-02 7.258534668D-02 7.743820202D-02 8.259043355D-02 8.805944884D-02
 9.386361271D-02 1.000222959D-01 1.065559256D-01 1.134860389D-01 1.208353371D-01
 1.286277440D-01 1.368884649D-01 1.456440494D-01 1.549224555D-01 1.647531170D-01
 1.751670128D-01 1.861967388D-01 1.978765831D-01 2.102426023D-01 2.233327019D-01
 2.371867180D-01 2.518465019D-01 2.673560077D-01 2.837613810D-01 3.011110512D-01
 3.194558253D-01 3.388489835D-01 3.593463775D-01 3.810065299D-01 4.038907349D-01
 4.280631612D-01 4.535909548D-01 4.805443429D-01 5.089967384D-01 5.390248432D-01
 5.707087522D-01 6.041320550D-01 6.393819363D-01 6.765492739D-01 7.157287337D-01
 7.570188600D-01 8.005221621D-01 8.463451939D-01 8.945986275D-01 9.453973186D-01
 9.988603620D-01 1.055111137D+00 1.114277341D+00 1.176491008D+00 1.241888514D+00
 1.310610561D+00 1.382802147D+00 1.458612510D+00 1.538195050D+00 1.621707228D+00
 1.709310428D+00 1.801169797D+00 1.897454045D+00 1.998335210D+00 2.103988381D+00
 2.214591380D+00 2.330324395D+00 2.451369561D+00 2.577910492D+00 2.710131748D+00
 2.848218250D+00 2.992354616D+00 3.142724444D+00 3.299509509D+00 3.462888887D+00
 3.633038004D+00 3.810127591D+00 3.994322564D+00 4.185780801D+00 4.384651837D+00
 4.591075455D+00 4.805180190D+00 5.027081723D+00 5.256881190D+00 5.494663378D+00
 5.740494840D+00 5.994421904D+00 6.256468594D+00 6.526634470D+00 6.804892382D+00
 7.091186159D+00 7.385428230D+00 7.687497202D+00 7.997235400D+00 8.314446389D+00
 8.638892492D+00 8.970292337D+00 9.308318446D+00 9.652594895D+00 1.000269508D+01
 1.035813963D+01 1.071839446D+01 1.108286908D+01 1.145091516D+01 1.182182531D+01
 1.219483236D+01 1.256910890D+01 1.294376737D+01 1.331786061D+01 1.369038299D+01
 1.406027222D+01 1.442641174D+01 1.478763393D+01 1.514272414D+01 1.549042549D+01
 1.582944462D+01 1.615845843D+01 1.647612173D+01 1.678107591D+01 1.707195872D+01
 1.734741502D+01 1.760610858D+01 1.784673491D+01 1.806803505D+01 1.826881028D+01
 1.844793767D+01 1.860438634D+01 1.873723433D+01 1.884568593D+01 1.892908928D+01
 1.898695393D+01 1.901896834D+01 1.902501685D+01 1.900519588D+01 1.895982913D+01
 1.888948130D+01 1.879497004D+01 1.867737581D+01 1.853804907D+01 1.837861467D+01
 1.820097284D+01 1.800729645D+01 1.780002434D+01 1.758185012D+01 1.735570639D+01
 1.712474409D+01 1.689230670D+01 1.666189941D+01 1.643715305D+01 1.622178302D+01
 1.601954337D+01 1.583417637D+01 1.566935802D+01 1.552864003D+01 1.541538907D+01
 1.533272403D+01 1.528345238D+01 1.527000651D+01 1.529438152D+01 1.535807544D+01
 1.546203357D+01 1.560659797D+01 1.579146393D+01 1.601564452D+01 1.627744483D+01
 1.657444707D+01 1.690350782D+01 1.726076844D+01 1.764167948D+01 1.804103975D+01
 1.845305034D+01 1.887138371D+01 1.928926751D+01 1.969958249D+01 2.009497351D+01
 2.046797222D+01 2.081112968D+01 2.111715660D+01 2.137906898D+01 2.159033595D+01
 2.174502698D+01 2.183795504D+01 2.186481211D+01 2.182229350D+01 2.170820752D+01
 2.152156670D+01 2.126265760D+01 2.093308585D+01 2.053579402D+01 2.007505035D+01
 1.955640628D+01 1.898662263D+01 1.837356417D+01 1.772606348D+01 1.705375592D+01
 1.636688861D+01 1.567610693D+01 1.499222330D+01 1.432597379D+01 1.368776838D+01
 1.308744207D+01 1.253401349D+01 1.203545851D+01 1.159850576D+01 1.122846086D+01
 1.092906529D+01 1.070239507D+01 1.054880313D+01 1.046690808D+01 1.045363049D+01
 1.050427621D+01 1.061266494D+01 1.077130020D+01 1.097157599D+01 1.120401350D+01
 1.145852051D+01 1.172466507D+01 1.199195442D+01 1.225011017D+01 1.248933066D+01
 1.270053211D+01 1.287556121D+01 1.300737280D+01 1.309016808D+01 1.311949018D+01
 1.309227614D+01 1.300686507D+01 1.286296607D+01 1.266158728D+01 1.240493287D+01
 1.209627272D+01 1.173979122D+01 1.134042172D+01 1.090367327D+01 1.043545575D+01
 9.941909148D+00 9.429242000D+00 8.903583046D+00 8.370849403D+00 7.836633553D+00
 7.306110548D+00 6.783965992D+00 6.274344613D+00 5.780818552D+00 5.306373991D+00
 4.853414281D+00 4.423777467D+00 4.018765871D+00 3.639185355D+00 3.285391841D+00
 2.957342785D+00 2.654651442D+00 2.376641951D+00 2.122403540D+00 1.890842381D+00
 1.680729960D+00 1.490747058D+00 1.319522755D+00 1.165668119D+00 1.027804458D+00
 9.045862394D-01 7.947189481D-01 6.969722620D-01 6.101890563D-01 5.332907835D-01
 4.652798140D-01 4.052393197D-01 3.523312574D-01 3.057929638D-01 2.649328136D-01
 2.291253236D-01 1.978060157D-01 1.704662794D-01 1.466484072D-01 1.259409211D-01
 1.079742546D-01 9.241682879D-02 7.897148134D-02 6.737227995D-02 5.738169853D-02
SUMEC
 0.000000000D+00 0.000000000D+00
EC
-7.499096882D+02-9.221930986D+01-1.048695911D+01-8.031429244D+01-6.902936766D+00
EC
-1.091347557D+00-7.499099393D+02-9.221927402D+01-1.048701263D+01-8.031436703D+01
EC
-6.903064194D+00-1.092005431D+00
POT:
  345    2     0.03000     2.83154
 2.381552973D+02 2.388875345D+02 2.396601709D+02 2.401145964D+02 2.404403190D+02
 2.406993695D+02 2.409139104D+02 2.410981589D+02 2.412602946D+02 2.414056165D+02
 2.415377421D+02 2.416592483D+02 2.417720362D+02 2.418775487D+02 2.419769064D+02
 2.420709979D+02 2.421605393D+02 2.422461167D+02 2.423282159D+02 2.424072442D+02
 2.424835467D+02 2.425574183D+02 2.426291136D+02 2.426988534D+02 2.427668311D+02
 2.428332169D+02 2.428981617D+02 2.429617998D+02 2.430242514D+02 2.430856249D+02
 2.431460181D+02 2.432055198D+02 2.432642110D+02 2.433221660D+02 2.433794528D+02
 2.434361345D+02 2.434922690D+02 2.435479106D+02 2.436031096D+02 2.436579130D+02
 2.437123651D+02 2.437665073D+02 2.438203787D+02 2.438740166D+02 2.439274558D+02
 2.439807300D+02 2.440338709D+02 2.440869089D+02 2.441398733D+02 2.441927919D+02
 2.442456918D+02 2.442985989D+02 2.443515382D+02 2.444045341D+02 2.444576100D+02
 2.445107890D+02 2.445640931D+02 2.446175441D+02 2.446711630D+02 2.447249707D+02
 2.447789871D+02 2.448332322D+02 2.448877251D+02 2.449424850D+02 2.449975305D+02
 2.450528797D+02 2.451085507D+02 2.451645610D+02 2.452209280D+02 2.452776687D+02
 2.453347996D+02 2.453923372D+02 2.454502975D+02 2.455086962D+02 2.455675487D+02
 2.456268701D+02 2.456866750D+02 2.457469776D+02 2.458077920D+02 2.458691315D+02
 2.459310092D+02 2.459934376D+02 2.460564286D+02 2.461199939D+02 2.461841442D+02
 2.462488898D+02 2.463142403D+02 2.463802045D+02 2.464467904D+02 2.465140052D+02
 2.465818553D+02 2.466503460D+02 2.467194815D+02 2.467892651D+02 2.468596986D+02
 2.469307827D+02 2.470025168D+02 2.470748987D+02 2.471479246D+02 2.472215890D+02
 2.472958848D+02 2.473708026D+02 2.474463315D+02 2.475224578D+02 2.475991659D+02
 2.476764376D+02 2.477542521D+02 2.478325856D+02 2.479114117D+02 2.479907006D+02
 2.480704191D+02 2.481505307D+02 2.482309951D+02 2.483117680D+02 2.483928008D+02
 2.484740407D+02 2.485554303D+02 2.486369071D+02 2.487184035D+02 2.487998467D+02
 2.488811579D+02 2.489622525D+02 2.490430396D+02 2.491234217D+02 2.492032944D+02
 2.492825462D+02 2.493610578D+02 2.494387024D+02 2.495153447D+02 2.495908411D+02
 2.496650388D+02 2.497377760D+02 2.498088812D+02 2.498781730D+02 2.499454595D+02
 2.500105384D+02 2.500731960D+02 2.501332076D+02 2.501903365D+02 2.502443341D+02
 2.502949393D+02 2.503418782D+02 2.503848642D+02 2.504235973D+02 2.504577637D+02
 2.504870362D+02 2.505110735D+02 2.505295202D+02 2.505420065D+02 2.505481484D+02
 2.505475473D+02 2.505397904D+02 2.505244505D+02 2.505010859D+02 2.504692411D+02
 2.504284466D+02 2.503782195D+02 2.503180636D+02 2.502474702D+02 2.501659184D+02
 2.500728759D+02 2.499677996D+02 2.498501368D+02 2.497193256D+02 2.495747966D+02
 2.494159736D+02 2.492422751D+02 2.490531157D+02 2.488479076D+02 2.486260622D+02
 2.483869919D+02 2.481301122D+02 2.478548433D+02 2.475606124D+02 2.472468557D+02
 2.469130210D+02 2.465585698D+02 2.461829798D+02 2.457857470D+02 2.453663889D+02
 2.449244462D+02 2.444594858D+02 2.439711029D+02 2.434589235D+02 2.429226066D+02
 2.423618463D+02 2.417763736D+02 2.411659582D+02 2.405304100D+02 2.398695800D+02
 2.391833611D+02 2.384716889D+02 2.377345410D+02 2.369719368D+02 2.361839364D+02
 2.353706390D+02 2.345321803D+02 2.336687300D+02 2.327804882D+02 2.318676813D+02
 2.309305570D+02 2.299693789D+02 2.289844210D+02 2.279759612D+02 2.269442742D+02
 2.258896254D+02 2.248122635D+02 2.237124144D+02 2.225902750D+02 2.214460085D+02
 2.202797404D+02 2.190915569D+02 2.178815045D+02 2.166495928D+02 2.153957999D+02
 2.141200808D+02 2.128223784D+02 2.115026377D+02 2.101608224D+02 2.087969324D+02
 2.074110223D+02 2.060032187D+02 2.045737346D+02 2.031228803D+02 2.016510689D+02
 2.001588150D+02 1.986467270D+02 1.971154929D+02 1.955658598D+02 1.939986101D+02
 1.924145341D+02 1.908144039D+02 1.891989474D+02 1.875688271D+02 1.859246231D+02
 1.842668229D+02 1.825958164D+02 1.809118987D+02 1.792152770D+02 1.775060846D+02
 1.757843973D+02 1.740502544D+02 1.723036807D+02 1.705447101D+02 1.687734087D+02
 1.669898965D+02 1.651943681D+02 1.633871093D+02 1.615685114D+02 1.597390805D+02
 1.578994430D+02 1.560503462D+02 1.541926532D+02 1.523273341D+02 1.504554511D+02
 1.485781393D+02 1.466965837D+02 1.448119921D+02 1.429255657D+02 1.410384682D+02
 1.391517948D+02 1.372665434D+02 1.353835899D+02 1.335036695D+02 1.316273682D+02
 1.297551247D+02 1.278872474D+02 1.260239443D+02 1.241653664D+02 1.223116605D+02
 1.204630245D+02 1.186197563D+02 1.167822884D+02 1.149511988D+02 1.131271960D+02
 1.113110793D+02 1.095036803D+02 1.077057973D+02 1.059181325D+02 1.041412408D+02
 1.023754973D+02 1.006210846D+02 9.887799860D+01 9.714607075D+01 9.542500071D+01
 9.371439637D+01 9.201381657D+01 9.032281332D+01 8.864097104D+01 8.696794103D+01
 8.530347009D+01 8.364742263D+01 8.199979608D+01 8.036072995D+01 7.873050859D+01
 7.710955851D+01 7.549844075D+01 7.389783914D+01 7.230854531D+01 7.073144106D+01
 6.916747915D+01 6.761766299D+01 6.608302619D+01 6.456461230D+01 6.306345560D+01
 6.158056313D+01 6.011689849D+01 5.867336761D+01 5.725080675D+01 5.584997280D+01
 5.447153593D+01 5.311607466D+01 5.178407317D+01 5.047592083D+01 4.919191376D+01
 4.793225830D+01 4.669707608D+01 4.548641054D+01 4.430023455D+01 4.313845877D+01
 4.200094050D+01 4.088749233D+01 3.979789045D+01 3.873188188D+01 3.768919046D+01
 3.666952111D+01 3.567256252D+01 3.469798809D+01 3.374545551D+01 3.281460546D+01
 3.190505972D+01 3.101641930D+01 3.014826296D+01 2.930014627D+01 2.847160154D+01
 2.766213843D+01 2.687124529D+01 2.609839105D+01 2.534302754D+01 2.460459209D+01
 2.388251022D+01 2.317619858D+01 2.248506771D+01 2.180852542D+01 2.114597967D+01
 2.381551953D+02 2.388874337D+02 2.396600713D+02 2.401144975D+02 2.404402207D+02
 2.406992716D+02 2.409138128D+02 2.410980616D+02 2.412601975D+02 2.414055197D+02
 2.415376454D+02 2.416591518D+02 2.417719400D+02 2.418774526D+02 2.419768105D+02
 2.420709021D+02 2.421604437D+02 2.422460212D+02 2.423281205D+02 2.424071489D+02
 2.424834515D+02 2.425573233D+02 2.426290186D+02 2.426987585D+02 2.427667363D+02
 2.428331223D+02 2.428980671D+02 2.429617053D+02 2.430241571D+02 2.430855306D+02
 2.431459239D+02 2.432054257D+02 2.432641170D+02 2.433220720D+02 2.433793590D+02
 2.434360407D+02 2.434921753D+02 2.435478170D+02 2.436030161D+02 2.436578196D+02
 2.437122717D+02 2.437664139D+02 2.438202855D+02 2.438739234D+02 2.439273627D+02
 2.439806370D+02 2.440337779D+02 2.440868160D+02 2.441397804D+02 2.441926992D+02
 2.442455991D+02 2.442985062D+02 2.443514456D+02 2.444044416D+02 2.444575176D+02
 2.445106966D+02 2.445640008D+02 2.446174518D+02 2.446710709D+02 2.447248786D+02
 2.447788951D+02 2.448331402D+02 2.448876332D+02 2.449423932D+02 2.449974387D+02
 2.450527880D+02 2.451084591D+02 2.451644695D+02 2.452208365D+02 2.452775772D+02
 2.453347082D+02 2.453922459D+02 2.454502063D+02 2.455086051D+02 2.455674577D+02
 2.456267791D+02 2.456865841D+02 2.457468868D+02 2.458077012D+02 2.458690408D+02
 2.459309186D+02 2.459933470D+02 2.460563382D+02 2.461199036D+02 2.461840540D+02
 2.462487997D+02 2.463141502D+02 2.463801145D+02 2.464467005D+02 2.465139154D+02
 2.465817656D+02 2.466502564D+02 2.467193920D+02 2.467891756D+02 2.468596092D+02
 2.469306935D+02 2.470024277D+02 2.470748097D+02 2.471478357D+02 2.472215002D+02
 2.472957961D+02 2.473707141D+02 2.474462430D+02 2.475223695D+02 2.475990778D+02
 2.476763496D+02 2.477541642D+02 2.478324979D+02 2.479113241D+02 2.479906131D+02
 2.480703317D+02 2.481504435D+02 2.482309080D+02 2.483116810D+02 2.483927140D+02
 2.484739541D+02 2.485553438D+02 2.486368208D+02 2.487183174D+02 2.487997607D+02
 2.488810721D+02 2.489621669D+02 2.490429542D+02 2.491233364D+02 2.492032093D+02
 2.492824612D+02 2.493609731D+02 2.494386178D+02 2.495152603D+02 2.495907568D+02
 2.496649547D+02 2.497376921D+02 2.498087976D+02 2.498780895D+02 2.499453763D+02
 2.500104553D+02 2.500731132D+02 2.501331250D+02 2.501902541D+02 2.502442518D+02
 2.502948572D+02 2.503417963D+02 2.503847825D+02 2.504235157D+02 2.504576824D+02
 2.504869551D+02 2.505109926D+02 2.505294394D+02 2.505419259D+02 2.505480679D+02
 2.505474670D+02 2.505397103D+02 2.505243705D+02 2.505010060D+02 2.504691613D+02
 2.504283669D+02 2.503781399D+02 2.503179841D+02 2.502473907D+02 2.501658389D+02
 2.500727964D+02 2.499677201D+02 2.498500572D+02 2.497192460D+02 2.495747169D+02
 2.494158938D+02 2.492421951D+02 2.490530354D+02 2.488478270D+02 2.486259813D+02
 2.483869106D+02 2.481300305D+02 2.478547611D+02 2.475605295D+02 2.472467722D+02
 2.469129368D+02 2.465584847D+02 2.461828937D+02 2.457856599D+02 2.453663006D+02
 2.449243566D+02 2.444593947D+02 2.439710102D+02 2.434588290D+02 2.429225102D+02
 2.423617477D+02 2.417762727D+02 2.411658547D+02 2.405303037D+02 2.398694706D+02
 2.391832484D+02 2.384715725D+02 2.377344206D+02 2.369718120D+02 2.361838069D+02
 2.353705043D+02 2.345320400D+02 2.336685836D+02 2.327803353D+02 2.318675213D+02
 2.309303893D+02 2.299692030D+02 2.289842363D+02 2.279757670D+02 2.269440698D+02
 2.258894101D+02 2.248120366D+02 2.237121751D+02 2.225900226D+02 2.214457423D+02
 2.202794597D+02 2.190912610D+02 2.178811928D+02 2.166492648D+02 2.153954552D+02
 2.141197190D+02 2.128219993D+02 2.115022414D+02 2.101604090D+02 2.087965024D+02
 2.074105765D+02 2.060027578D+02 2.045732599D+02 2.031223932D+02 2.016505710D+02
 2.001583082D+02 1.986462135D+02 1.971149747D+02 1.955653394D+02 1.939980897D+02
 1.924140162D+02 1.908138909D+02 1.891984417D+02 1.875683308D+02 1.859241386D+02
 1.842663522D+02 1.825953616D+02 1.809114616D+02 1.792148594D+02 1.775056881D+02
 1.757840235D+02 1.740499048D+02 1.723033566D+02 1.705444128D+02 1.687731393D+02
 1.669896561D+02 1.651941576D+02 1.633869298D+02 1.615683636D+02 1.597389651D+02
 1.578993607D+02 1.560502973D+02 1.541926381D+02 1.523273530D+02 1.504555039D+02
 1.485782258D+02 1.466967034D+02 1.448121442D+02 1.429257490D+02 1.410386811D+02
 1.391520352D+02 1.372668088D+02 1.353838771D+02 1.335039748D+02 1.316276870D+02
 1.297554522D+02 1.278875779D+02 1.260242716D+02 1.241656841D+02 1.223119623D+02
 1.204633040D+02 1.186200078D+02 1.167825071D+02 1.149513809D+02 1.131273393D+02
 1.113111827D+02 1.095037444D+02 1.077058240D+02 1.059181246D+02 1.041412022D+02
 1.023754326D+02 1.006209987D+02 9.887789694D+01 9.714595864D+01 9.542488346D+01
 9.371427916D+01 9.201370433D+01 9.032271068D+01 8.864088227D+01 8.696787001D+01
 8.530342024D+01 8.364739690D+01 8.199979690D+01 8.036075919D+01 7.873056751D+01
 7.710964772D+01 7.549856013D+01 7.389798780D+01 7.230872151D+01 7.073164212D+01
 6.916770136D+01 6.761790154D+01 6.608327500D+01 6.456486396D+01 6.306370123D+01
 6.158079225D+01 6.011709889D+01 5.867352524D+01 5.725090560D+01 5.584999478D+01
 5.447146087D+01 5.311588024D+01 5.178373499D+01 5.047541255D+01 4.919120733D+01
 4.793132433D+01 4.669588437D+01 4.548493071D+01 4.429843693D+01 4.313631534D+01
 4.199842602D+01 4.088458549D+01 3.979457501D+01 3.872814773D+01 3.768503444D+01
 3.666494762D+01 3.566758375D+01 3.469262390D+01 3.373973306D+01 3.280855849D+01
 3.189872767D+01 3.100984636D+01 3.014149710D+01 2.929323835D+01 2.846460453D+01
 2.765510678D+01 2.686423444D+01 2.609145712D+01 2.533622712D+01 2.459798210D+01
 2.387614795D+01 2.317014166D+01 2.247937420D+01 2.180325386D+01 2.114118911D+01

PPAR:  Ga    VES=  0.010214
 L       ENU        C       +/-DEL   1/SQRT(P)     GAMMA      ALPHA
 0 -0.6129587 -0.7103280 -0.1270438  2.6544070  0.4223699  0.4223699
 1 -0.3430978  0.1729997  0.1325618  3.9712603  0.1172568  0.1172568
 2 -0.2609250  2.8275046 -0.4634476  1.9818881  0.1368232  0.1368232
 0 -0.6203687 -0.7157222 -0.1271065  2.6595784  0.4225301  0.4225301
 1 -0.3228622  0.1661770  0.1319570  3.9276026  0.1166199  0.1166199
 2 -0.2327026  2.6323117 -0.4086293  2.0888732  0.1277820  0.1277820
