GENERAL: LMX=3  NSPIN=2   WSR= 2.831544  REL=T  NR=375  A=.030
   Z=49  QC=46  QTOT=-0.160419

 SPIN 1:

 ETOT  =  -5876.8879200  EKIN =    6167.3511056  UTOT = -12044.2360422
 EMAD  =     -0.0029835  SUMEC=   -3545.8013887  SUMEV=     -0.5692766
 RHOV  =  -9713.7217709  UNUCL=  -14268.1431017  UELEC=   2379.6403404
 RHOEPS=   -155.7332809  REPSNL=      0.0000000  RHOMU=   -206.2094228
 RMUNL =      0.0000000

 SPIN 2:

 ETOT  =  -5878.0056446  EKIN =    6167.4731894  UTOT = -12045.4773780
 EMAD  =     -0.0014560  SUMEC=   -3545.8047001  SUMEV=     -0.5685901
 RHOV  =  -9713.8464796  UNUCL=  -14270.4812790  UELEC=   2380.7727503
 RHOEPS=   -155.7688494  REPSNL=      0.0000000  RHOMU=   -206.2638297
 RMUNL =      0.0000000

 ETOT  = -11754.8935646  EKIN =   12334.8242951  UTOT = -24089.7134202
 EMAD  =     -0.0044395  SUMEC=   -7091.6060888  SUMEV=     -1.1378666
 RHOV  = -19427.5682505  UNUCL=  -28538.6243807  UELEC=   4760.4130908
 RHOEPS=   -311.5021303  REPSNL=      0.0000000  RHOMU=   -412.4732525
 RMUNL =      0.0000000

MOMNTS:  In    VRMAX= -0.856539
 L      PL         Q0         Q1         Q2   IDMOD     DL
 0  5.7843326  0.4873606 -0.0135541  0.0104145  0  -1.2428544
 1  5.5499993  0.6372669 -0.0082414  0.0102627  0  -0.1583821
 2  5.1382510  0.1952522 -0.0000000  0.0020657  0   2.1557754
 3  4.1366844  0.0723124 -0.0000000  0.0004967  0   2.1838686
 0  5.7858913  0.4968434 -0.0115335  0.0079107  0  -1.2553918
 1  5.5695831  0.6930152 -0.0076903  0.0098654  0  -0.2221516
 2  5.1421553  0.1892130  0.0000000  0.0017179  0   2.0882868
 3  4.1383076  0.0683170  0.0000000  0.0002607  0   2.1547709
COR:
  375    2     0.03000   18
 0.000000000D+00 2.621069034D-06 9.839946657D-06 2.158791715D-05 3.801824555D-05
 5.934611191D-05 8.584869035D-05 1.178365581D-04 1.556535238D-04 1.996741786D-04
 2.503034009D-04 3.079765682D-04 3.731602493D-04 4.463532439D-04 5.280878849D-04
 6.189315557D-04 7.194883937D-04 8.304011638D-04 9.523532915D-04 1.086071054D-03
 1.232325925D-03 1.391937080D-03 1.565774061D-03 1.754759606D-03 1.959872656D-03
 2.182151534D-03 2.422697320D-03 2.682677417D-03 2.963329325D-03 3.265964630D-03
 3.591973221D-03 3.942827749D-03 4.320088331D-03 4.725407524D-03 5.160535577D-03
 5.627325972D-03 6.127741278D-03 6.663859325D-03 7.237879729D-03 7.852130762D-03
 8.509076614D-03 9.211325051D-03 9.961635481D-03 1.076292748D-02 1.161828976D-02
 1.253098965D-02 1.350448307D-02 1.454242506D-02 1.564868084D-02 1.682733753D-02
 1.808271644D-02 1.941938607D-02 2.084217570D-02 2.235618985D-02 2.396682341D-02
 2.567977755D-02 2.750107655D-02 2.943708545D-02 3.149452864D-02 3.368050943D-02
 3.600253058D-02 3.846851600D-02 4.108683344D-02 4.386631842D-02 4.681629935D-02
 4.994662395D-02 5.326768697D-02 5.679045930D-02 6.052651860D-02 6.448808135D-02
 6.868803654D-02 7.313998103D-02 7.785825661D-02 8.285798881D-02 8.815512767D-02
 9.376649039D-02 9.970980599D-02 1.060037622D-01 1.126680542D-01 1.197234361D-01
 1.271917745D-01 1.350961042D-01 1.434606872D-01 1.523110733D-01 1.616741642D-01
 1.715782801D-01 1.820532288D-01 1.931303784D-01 2.048427324D-01 2.172250081D-01
 2.303137186D-01 2.441472568D-01 2.587659845D-01 2.742123231D-01 2.905308488D-01
 3.077683908D-01 3.259741334D-01 3.451997208D-01 3.654993664D-01 3.869299652D-01
 4.095512092D-01 4.334257073D-01 4.586191078D-01 4.852002248D-01 5.132411674D-01
 5.428174723D-01 5.740082396D-01 6.068962707D-01 6.415682099D-01 6.781146872D-01
 7.166304636D-01 7.572145785D-01 7.999704977D-01 8.450062629D-01 8.924346407D-01
 9.423732723D-01 9.949448216D-01 1.050277122D+00 1.108503322D+00 1.169762024D+00
 1.234197422D+00 1.301959435D+00 1.373203829D+00 1.448092336D+00 1.526792763D+00
 1.609479085D+00 1.696331534D+00 1.787536667D+00 1.883287419D+00 1.983783143D+00
 2.089229619D+00 2.199839051D+00 2.315830028D+00 2.437427465D+00 2.564862506D+00
 2.698372398D+00 2.838200316D+00 2.984595162D+00 3.137811301D+00 3.298108263D+00
 3.465750379D+00 3.641006363D+00 3.824148834D+00 4.015453765D+00 4.215199860D+00
 4.423667860D+00 4.641139756D+00 4.867897918D+00 5.104224134D+00 5.350398546D+00
 5.606698478D+00 5.873397163D+00 6.150762350D+00 6.439054790D+00 6.738526598D+00
 7.049419490D+00 7.371962884D+00 7.706371862D+00 8.052844999D+00 8.411562047D+00
 8.782681478D+00 9.166337887D+00 9.562639254D+00 9.971664065D+00 1.039345831D+01
 1.082803233D+01 1.127535759D+01 1.173536329D+01 1.220793293D+01 1.269290076D+01
 1.319004817D+01 1.369910010D+01 1.421972131D+01 1.475151285D+01 1.529400838D+01
 1.584667073D+01 1.640888847D+01 1.697997277D+01 1.755915438D+01 1.814558093D+01
 1.873831457D+01 1.933633000D+01 1.993851299D+01 2.054365940D+01 2.115047485D+01
 2.175757512D+01 2.236348724D+01 2.296665158D+01 2.356542473D+01 2.415808363D+01
 2.474283062D+01 2.531779987D+01 2.588106500D+01 2.643064815D+01 2.696453043D+01
 2.748066391D+01 2.797698511D+01 2.845143015D+01 2.890195136D+01 2.932653563D+01
 2.972322418D+01 3.009013390D+01 3.042548010D+01 3.072760054D+01 3.099498057D+01
 3.122627929D+01 3.142035636D+01 3.157629929D+01 3.169345081D+01 3.177143601D+01
 3.181018884D+01 3.180997748D+01 3.177142806D+01 3.169554629D+01 3.158373631D+01
 3.143781625D+01 3.126002979D+01 3.105305321D+01 3.081999711D+01 3.056440231D+01
 3.029022937D+01 3.000184091D+01 2.970397657D+01 2.940171993D+01 2.910045711D+01
 2.880582693D+01 2.852366244D+01 2.825992401D+01 2.802062404D+01 2.781174401D+01
 2.763914434D+01 2.750846798D+01 2.742503890D+01 2.739375683D+01 2.741898979D+01
 2.750446627D+01 2.765316919D+01 2.786723374D+01 2.814785161D+01 2.849518421D+01
 2.890828736D+01 2.938505039D+01 2.992215205D+01 3.051503598D+01 3.115790816D+01
 3.184375837D+01 3.256440767D+01 3.331058320D+01 3.407202136D+01 3.483759957D+01
 3.559549646D+01 3.633337932D+01 3.703861706D+01 3.769851600D+01 3.830057502D+01
 3.883275560D+01 3.928376165D+01 3.964332313D+01 3.990247669D+01 4.005383607D+01
 4.009184449D+01 4.001300090D+01 3.981605210D+01 3.950214251D+01 3.907491422D+01
 3.854055015D+01 3.790775506D+01 3.718766858D+01 3.639370844D+01 3.554134204D+01
 3.464778749D+01 3.373164735D+01 3.281248079D+01 3.191032232D+01 3.104515795D+01
 3.023637180D+01 2.950217836D+01 2.885905744D+01 2.832121004D+01 2.790005411D+01
 2.760377935D+01 2.743697928D+01 2.740037755D+01 2.749066323D+01 2.770044669D+01
 2.801834424D+01 2.842919507D+01 2.891440980D+01 2.945244442D+01 3.001938858D+01
 3.058965223D+01 3.113672994D+01 3.163401828D+01 3.205565889D+01 3.237737733D+01
 3.257728743D+01 3.263663184D+01 3.254042921D+01 3.227800425D+01 3.184337895D+01
 3.123550902D+01 3.045835470D+01 2.952078449D+01 2.843630836D+01 2.722265463D+01
 2.590120213D+01 2.449628809D+01 2.303441656D+01 2.154339586D+01 2.005143662D+01
 1.858624358D+01 1.717413488D+01 1.583922163D+01 1.460267851D+01 1.348213234D+01
 1.249119092D+01 1.163912833D+01 1.093073598D+01 1.036634147D+01 9.941989761D+00
 9.649774317D+00 9.478299556D+00 9.413251033D+00 9.438046051D+00 9.534535015D+00
 9.683722847D+00 9.866480031D+00 1.006421449D+01 1.025947836D+01 1.043648786D+01
 1.058153961D+01 1.068331249D+01 1.073305140D+01 1.072463264D+01 1.065452171D+01
 1.052163184D+01 1.032710295D+01 1.007401768D+01 9.767075179D+00 9.412241214D+00
 9.016393886D+00 8.586980568D+00 8.131699493D+00 7.658216186D+00 7.173921711D+00
 6.685736573D+00 6.199961334D+00 5.722172601D+00 5.257161152D+00 4.808907574D+00
 4.380589891D+00 3.974617218D+00 3.592683412D+00 3.235834937D+00 2.904547656D+00
 2.598807914D+00 2.318193985D+00 2.061954796D+00 1.829083529D+00 1.618384489D+00
 1.428532220D+00 1.258122411D+00 1.105714596D+00 9.698669590D-01 8.491638556D-01
 7.422367721D-01 6.477795701D-01 5.645588723D-01 4.914204293D-01 4.272922547D-01
 3.711852295D-01 3.221918422D-01 2.794833784D-01 2.423063797D-01 2.099784399D-01
 0.000000000D+00 2.621069116D-06 9.839946967D-06 2.158791783D-05 3.801824675D-05
 5.934611378D-05 8.584869306D-05 1.178365619D-04 1.556535287D-04 1.996741849D-04
 2.503034088D-04 3.079765779D-04 3.731602610D-04 4.463532580D-04 5.280879015D-04
 6.189315752D-04 7.194884164D-04 8.304011900D-04 9.523533215D-04 1.086071088D-03
 1.232325964D-03 1.391937124D-03 1.565774111D-03 1.754759662D-03 1.959872717D-03
 2.182151602D-03 2.422697396D-03 2.682677501D-03 2.963329418D-03 3.265964732D-03
 3.591973334D-03 3.942827873D-03 4.320088467D-03 4.725407673D-03 5.160535740D-03
 5.627326150D-03 6.127741471D-03 6.663859535D-03 7.237879956D-03 7.852131009D-03
 8.509076882D-03 9.211325340D-03 9.961635794D-03 1.076292782D-02 1.161829013D-02
 1.253099005D-02 1.350448350D-02 1.454242552D-02 1.564868133D-02 1.682733806D-02
 1.808271701D-02 1.941938668D-02 2.084217635D-02 2.235619055D-02 2.396682416D-02
 2.567977835D-02 2.750107741D-02 2.943708638D-02 3.149452963D-02 3.368051049D-02
 3.600253171D-02 3.846851721D-02 4.108683473D-02 4.386631979D-02 4.681630082D-02
 4.994662551D-02 5.326768863D-02 5.679046108D-02 6.052652050D-02 6.448808336D-02
 6.868803869D-02 7.313998332D-02 7.785825904D-02 8.285799140D-02 8.815513043D-02
 9.376649331D-02 9.970980910D-02 1.060037655D-01 1.126680577D-01 1.197234398D-01
 1.271917784D-01 1.350961084D-01 1.434606917D-01 1.523110780D-01 1.616741693D-01
 1.715782854D-01 1.820532345D-01 1.931303844D-01 2.048427387D-01 2.172250149D-01
 2.303137257D-01 2.441472644D-01 2.587659925D-01 2.742123316D-01 2.905308578D-01
 3.077684003D-01 3.259741434D-01 3.451997314D-01 3.654993777D-01 3.869299771D-01
 4.095512218D-01 4.334257206D-01 4.586191219D-01 4.852002397D-01 5.132411831D-01
 5.428174889D-01 5.740082571D-01 6.068962893D-01 6.415682295D-01 6.781147079D-01
 7.166304854D-01 7.572146015D-01 7.999705221D-01 8.450062886D-01 8.924346678D-01
 9.423733008D-01 9.949448517D-01 1.050277154D+00 1.108503356D+00 1.169762059D+00
 1.234197459D+00 1.301959474D+00 1.373203870D+00 1.448092380D+00 1.526792809D+00
 1.609479133D+00 1.696331585D+00 1.787536720D+00 1.883287475D+00 1.983783202D+00
 2.089229681D+00 2.199839116D+00 2.315830096D+00 2.437427536D+00 2.564862582D+00
 2.698372477D+00 2.838200399D+00 2.984595248D+00 3.137811392D+00 3.298108359D+00
 3.465750479D+00 3.641006468D+00 3.824148944D+00 4.015453879D+00 4.215199980D+00
 4.423667986D+00 4.641139887D+00 4.867898055D+00 5.104224278D+00 5.350398695D+00
 5.606698634D+00 5.873397326D+00 6.150762520D+00 6.439054966D+00 6.738526781D+00
 7.049419681D+00 7.371963083D+00 7.706372068D+00 8.052845213D+00 8.411562268D+00
 8.782681707D+00 9.166338125D+00 9.562639499D+00 9.971664318D+00 1.039345857D+01
 1.082803260D+01 1.127535787D+01 1.173536358D+01 1.220793323D+01 1.269290106D+01
 1.319004848D+01 1.369910041D+01 1.421972163D+01 1.475151318D+01 1.529400871D+01
 1.584667106D+01 1.640888880D+01 1.697997311D+01 1.755915472D+01 1.814558126D+01
 1.873831490D+01 1.933633033D+01 1.993851332D+01 2.054365972D+01 2.115047516D+01
 2.175757542D+01 2.236348753D+01 2.296665184D+01 2.356542498D+01 2.415808385D+01
 2.474283081D+01 2.531780002D+01 2.588106511D+01 2.643064822D+01 2.696453045D+01
 2.748066387D+01 2.797698502D+01 2.845142998D+01 2.890195112D+01 2.932653530D+01
 2.972322375D+01 3.009013336D+01 3.042547945D+01 3.072759976D+01 3.099497965D+01
 3.122627821D+01 3.142035511D+01 3.157629786D+01 3.169344918D+01 3.177143416D+01
 3.181018675D+01 3.180997513D+01 3.177142543D+01 3.169554335D+01 3.158373304D+01
 3.143781261D+01 3.126002576D+01 3.105304876D+01 3.081999219D+01 3.056439690D+01
 3.029022341D+01 3.000183436D+01 2.970396939D+01 2.940171206D+01 2.910044849D+01
 2.880581749D+01 2.852365212D+01 2.825991272D+01 2.802061169D+01 2.781173052D+01
 2.763912959D+01 2.750845185D+01 2.742502127D+01 2.739373755D+01 2.741896869D+01
 2.750444317D+01 2.765314389D+01 2.786720600D+01 2.814782119D+01 2.849515080D+01
 2.890825066D+01 2.938501004D+01 2.992210764D+01 3.051498707D+01 3.115785426D+01
 3.184369893D+01 3.256434207D+01 3.331051077D+01 3.407194135D+01 3.483751118D+01
 3.559539879D+01 3.633327139D+01 3.703849781D+01 3.769838429D+01 3.830042961D+01
 3.883259516D+01 3.928358476D+01 3.964312829D+01 3.990226230D+01 4.005360046D+01
 4.009158590D+01 4.001271752D+01 3.981574205D+01 3.950180387D+01 3.907454507D+01
 3.854014854D+01 3.790731906D+01 3.718719632D+01 3.639319810D+01 3.554079193D+01
 3.464719604D+01 3.373101320D+01 3.281180277D+01 3.190959955D+01 3.104438987D+01
 3.023555823D+01 2.950131953D+01 2.885815406D+01 2.832026335D+01 2.789906593D+01
 2.760275212D+01 2.743591609D+01 2.739928219D+01 2.748954019D+01 2.769930119D+01
 2.801718217D+01 2.842802301D+01 2.891323494D+01 2.945127449D+01 3.001823175D+01
 3.058851702D+01 3.113562503D+01 3.163295240D+01 3.205464061D+01 3.237641486D+01
 3.257638844D+01 3.263580322D+01 3.253967687D+01 3.227733287D+01 3.184279181D+01
 3.123500778D+01 3.045793918D+01 2.952045259D+01 2.843605585D+01 2.722247509D+01
 2.590108687D+01 2.449622616D+01 2.303439475D+01 2.154339881D+01 2.005144693D+01
 1.858624205D+01 1.717410073D+01 1.583913284D+01 1.460251219D+01 1.348186513D+01
 1.249079949D+01 1.163858982D+01 1.093002856D+01 1.036544481D+01 9.940885569D+00
 9.648446802D+00 9.476735877D+00 9.411441696D+00 9.435985249D+00 9.532220912D+00
 9.681157782D+00 9.863670660D+00 1.006117185D+01 1.025621784D+01 1.043302912D+01
 1.057790639D+01 1.067953235D+01 1.072915534D+01 1.072065473D+01 1.065049853D+01
 1.051760197D+01 1.032310626D+01 1.007009472D+01 9.763266434D+00 9.408586386D+00
 9.012931158D+00 8.583745891D+00 8.128725906D+00 7.655533190D+00 7.171554707D+00
 6.683706385D+00 6.198283830D+00 5.720858413D+00 5.256215515D+00 4.808330276D+00
 4.380375343D+00 3.974754641D+00 3.593157131D+00 3.236624780D+00 2.905629452D+00
 2.600154064D+00 2.319774116D+00 2.063736451D+00 1.831032908D+00 1.620467201D+00
 1.430714032D+00 1.260369971D+00 1.107996113D+00 9.721528112D-01 8.514271145D-01
 7.444536214D-01 6.499296109D-01 5.666253073D-01 4.933901274D-01 4.291557028D-01
 3.729363826D-01 3.238278895D-01 2.810044427D-01 2.437151721D-01 2.112798872D-01
SUMEC
 0.000000000D+00 0.000000000D+00
EC
-2.035969923D+03-3.044739837D+02-5.739920264D+01-8.371747122D+00-2.733379501D+02
EC
-4.721400109D+01-5.333458490D+00-3.137241041D+01-1.013652302D+00-2.035970112D+03
EC
-3.044739012D+02-5.739925021D+01-8.371569884D+00-2.733379465D+02-4.721405187D+01
EC
-5.333353884D+00-3.137240752D+01-1.014356533D+00
POT:
  375    2     0.03000     2.83154
 4.446846263D+02 4.484436777D+02 4.525521796D+02 4.549323106D+02 4.566150827D+02
 4.579318519D+02 4.590144989D+02 4.599369206D+02 4.607428051D+02 4.614602404D+02
 4.621083189D+02 4.627006003D+02 4.632470568D+02 4.637552348D+02 4.642309813D+02
 4.646789177D+02 4.651027595D+02 4.655055387D+02 4.658897610D+02 4.662575214D+02
 4.666105890D+02 4.669504713D+02 4.672784634D+02 4.675956862D+02 4.679031163D+02
 4.682016099D+02 4.684919217D+02 4.687747208D+02 4.690506027D+02 4.693201003D+02
 4.695836921D+02 4.698418096D+02 4.700948434D+02 4.703431481D+02 4.705870468D+02
 4.708268350D+02 4.710627831D+02 4.712951401D+02 4.715241351D+02 4.717499799D+02
 4.719728707D+02 4.721929895D+02 4.724105057D+02 4.726255771D+02 4.728383513D+02
 4.730489663D+02 4.732575516D+02 4.734642289D+02 4.736691127D+02 4.738723111D+02
 4.740739260D+02 4.742740539D+02 4.744727865D+02 4.746702104D+02 4.748664083D+02
 4.750614586D+02 4.752554365D+02 4.754484133D+02 4.756404575D+02 4.758316346D+02
 4.760220073D+02 4.762116360D+02 4.764005785D+02 4.765888904D+02 4.767766256D+02
 4.769638356D+02 4.771505703D+02 4.773368781D+02 4.775228054D+02 4.777083975D+02
 4.778936979D+02 4.780787490D+02 4.782635919D+02 4.784482662D+02 4.786328106D+02
 4.788172626D+02 4.790016586D+02 4.791860339D+02 4.793704229D+02 4.795548587D+02
 4.797393737D+02 4.799239993D+02 4.801087657D+02 4.802937026D+02 4.804788382D+02
 4.806642001D+02 4.808498148D+02 4.810357078D+02 4.812219037D+02 4.814084259D+02
 4.815952968D+02 4.817825377D+02 4.819701688D+02 4.821582092D+02 4.823466765D+02
 4.825355871D+02 4.827249562D+02 4.829147975D+02 4.831051232D+02 4.832959437D+02
 4.834872681D+02 4.836791036D+02 4.838714554D+02 4.840643270D+02 4.842577195D+02
 4.844516322D+02 4.846460617D+02 4.848410023D+02 4.850364457D+02 4.852323808D+02
 4.854287936D+02 4.856256669D+02 4.858229803D+02 4.860207099D+02 4.862188282D+02
 4.864173037D+02 4.866161007D+02 4.868151794D+02 4.870144951D+02 4.872139986D+02
 4.874136352D+02 4.876133451D+02 4.878130627D+02 4.880127163D+02 4.882122280D+02
 4.884115131D+02 4.886104802D+02 4.888090303D+02 4.890070567D+02 4.892044446D+02
 4.894010708D+02 4.895968031D+02 4.897915000D+02 4.899850101D+02 4.901771720D+02
 4.903678135D+02 4.905567512D+02 4.907437902D+02 4.909287235D+02 4.911113312D+02
 4.912913807D+02 4.914686253D+02 4.916428044D+02 4.918136428D+02 4.919808497D+02
 4.921441189D+02 4.923031276D+02 4.924575365D+02 4.926069886D+02 4.927511092D+02
 4.928895053D+02 4.930217649D+02 4.931474566D+02 4.932661293D+02 4.933773116D+02
 4.934805115D+02 4.935752158D+02 4.936608902D+02 4.937369785D+02 4.938029026D+02
 4.938580625D+02 4.939018357D+02 4.939335775D+02 4.939526209D+02 4.939582766D+02
 4.939498333D+02 4.939265576D+02 4.938876950D+02 4.938324697D+02 4.937600855D+02
 4.936697265D+02 4.935605578D+02 4.934317264D+02 4.932823625D+02 4.931115806D+02
 4.929184809D+02 4.927021509D+02 4.924616670D+02 4.921960964D+02 4.919044993D+02
 4.915859311D+02 4.912394446D+02 4.908640926D+02 4.904589307D+02 4.900230204D+02
 4.895554316D+02 4.890552464D+02 4.885215619D+02 4.879534938D+02 4.873501802D+02
 4.867107847D+02 4.860345006D+02 4.853205539D+02 4.845682077D+02 4.837767653D+02
 4.829455736D+02 4.820740271D+02 4.811615706D+02 4.802077019D+02 4.792119754D+02
 4.781740031D+02 4.770934577D+02 4.759700731D+02 4.748036456D+02 4.735940341D+02
 4.723411593D+02 4.710450031D+02 4.697056057D+02 4.683230636D+02 4.668975251D+02
 4.654291858D+02 4.639182831D+02 4.623650896D+02 4.607699054D+02 4.591330504D+02
 4.574548549D+02 4.557356506D+02 4.539757608D+02 4.521754907D+02 4.503351180D+02
 4.484548848D+02 4.465349895D+02 4.445755815D+02 4.425767578D+02 4.405385622D+02
 4.384609879D+02 4.363439843D+02 4.341874670D+02 4.319913327D+02 4.297554772D+02
 4.274798175D+02 4.251643155D+02 4.228090024D+02 4.204140034D+02 4.179795581D+02
 4.155060371D+02 4.129939509D+02 4.104439516D+02 4.078568241D+02 4.052334698D+02
 4.025748804D+02 3.998821062D+02 3.971562192D+02 3.943982752D+02 3.916092767D+02
 3.887901402D+02 3.859416692D+02 3.830645352D+02 3.801592681D+02 3.772262553D+02
 3.742657497D+02 3.712778864D+02 3.682627055D+02 3.652201812D+02 3.621502537D+02
 3.590528634D+02 3.559279857D+02 3.527756633D+02 3.495960368D+02 3.463893696D+02
 3.431560673D+02 3.398966914D+02 3.366119639D+02 3.333027651D+02 3.299701227D+02
 3.266151927D+02 3.232392334D+02 3.198435723D+02 3.164295685D+02 3.129985724D+02
 3.095518850D+02 3.060907203D+02 3.026161745D+02 2.991292051D+02 2.956306245D+02
 2.921211092D+02 2.886012273D+02 2.850714818D+02 2.815323657D+02 2.779844227D+02
 2.744283028D+02 2.708648024D+02 2.672948817D+02 2.637196522D+02 2.601403362D+02
 2.565582042D+02 2.529745001D+02 2.493903679D+02 2.458067911D+02 2.422245548D+02
 2.386442342D+02 2.350662110D+02 2.314907143D+02 2.279178807D+02 2.243478268D+02
 2.207807270D+02 2.172168903D+02 2.136568298D+02 2.101013214D+02 2.065514468D+02
 2.030086187D+02 1.994745879D+02 1.959514300D+02 1.924415136D+02 1.889474507D+02
 1.854720311D+02 1.820181440D+02 1.785886887D+02 1.751864807D+02 1.718141565D+02
 1.684740824D+02 1.651682768D+02 1.618983513D+02 1.586654825D+02 1.554704215D+02
 1.523135511D+02 1.491949900D+02 1.461147369D+02 1.430728324D+02 1.400695040D+02
 1.371052573D+02 1.341808844D+02 1.312973862D+02 1.284558322D+02 1.256571983D+02
 1.229022240D+02 1.201913175D+02 1.175245187D+02 1.149015144D+02 1.123216909D+02
 1.097842082D+02 1.072880824D+02 1.048322646D+02 1.024157114D+02 1.000374412D+02
 9.769657764D+01 9.539237809D+01 9.312424964D+01 9.089175370D+01 8.869460133D+01
 8.653264113D+01 8.440584175D+01 8.231427067D+01 8.025807100D+01 7.823743756D+01
 7.625259347D+01 7.430376815D+01 7.239117747D+01 7.051500639D+01 6.867539462D+01
 6.687242518D+01 6.510611616D+01 6.337641525D+01 6.168319711D+01 6.002626331D+01
 5.840534429D+01 5.682010343D+01 5.527014247D+01 5.375500807D+01 5.227419904D+01
 5.082717369D+01 4.941335691D+01 4.803214637D+01 4.668291752D+01 4.536502718D+01
 4.407781540D+01 4.282060597D+01 4.159270555D+01 4.039340212D+01 3.922196302D+01
 3.807763311D+01 3.695963342D+01 3.586716047D+01 3.479938694D+01 3.375546268D+01
 4.446843948D+02 4.484434526D+02 4.525519615D+02 4.549320965D+02 4.566148715D+02
 4.579316429D+02 4.590142917D+02 4.599367149D+02 4.607426009D+02 4.614600373D+02
 4.621081170D+02 4.627003993D+02 4.632468567D+02 4.637550357D+02 4.642307829D+02
 4.646787200D+02 4.651025626D+02 4.655053424D+02 4.658895654D+02 4.662573265D+02
 4.666103947D+02 4.669502775D+02 4.672782702D+02 4.675954935D+02 4.679029241D+02
 4.682014182D+02 4.684917306D+02 4.687745301D+02 4.690504125D+02 4.693199105D+02
 4.695835028D+02 4.698416207D+02 4.700946549D+02 4.703429600D+02 4.705868592D+02
 4.708266477D+02 4.710625963D+02 4.712949537D+02 4.715239490D+02 4.717497942D+02
 4.719726854D+02 4.721928046D+02 4.724103211D+02 4.726253929D+02 4.728381674D+02
 4.730487827D+02 4.732573684D+02 4.734640461D+02 4.736689302D+02 4.738721289D+02
 4.740737442D+02 4.742738725D+02 4.744726054D+02 4.746700296D+02 4.748662278D+02
 4.750612785D+02 4.752552566D+02 4.754482338D+02 4.756402783D+02 4.758314557D+02
 4.760218288D+02 4.762114578D+02 4.764004005D+02 4.765887128D+02 4.767764483D+02
 4.769636586D+02 4.771503936D+02 4.773367017D+02 4.775226294D+02 4.777082217D+02
 4.778935225D+02 4.780785739D+02 4.782634170D+02 4.784480916D+02 4.786326364D+02
 4.788170887D+02 4.790014850D+02 4.791858606D+02 4.793702498D+02 4.795546860D+02
 4.797392013D+02 4.799238271D+02 4.801085939D+02 4.802935311D+02 4.804786670D+02
 4.806640292D+02 4.808496442D+02 4.810355375D+02 4.812217337D+02 4.814082562D+02
 4.815951274D+02 4.817823687D+02 4.819700001D+02 4.821580408D+02 4.823465084D+02
 4.825354193D+02 4.827247888D+02 4.829146304D+02 4.831049563D+02 4.832957772D+02
 4.834871020D+02 4.836789378D+02 4.838712899D+02 4.840641618D+02 4.842575547D+02
 4.844514677D+02 4.846458975D+02 4.848408385D+02 4.850362822D+02 4.852322177D+02
 4.854286308D+02 4.856255045D+02 4.858228183D+02 4.860205483D+02 4.862186669D+02
 4.864171427D+02 4.866159401D+02 4.868150192D+02 4.870143353D+02 4.872138392D+02
 4.874134762D+02 4.876131865D+02 4.878129045D+02 4.880125585D+02 4.882120706D+02
 4.884113562D+02 4.886103237D+02 4.888088742D+02 4.890069010D+02 4.892042894D+02
 4.894009160D+02 4.895966488D+02 4.897913461D+02 4.899848567D+02 4.901770191D+02
 4.903676610D+02 4.905565993D+02 4.907436388D+02 4.909285725D+02 4.911111808D+02
 4.912912308D+02 4.914684759D+02 4.916426556D+02 4.918134945D+02 4.919807020D+02
 4.921439717D+02 4.923029811D+02 4.924573905D+02 4.926068432D+02 4.927509644D+02
 4.928893611D+02 4.930216213D+02 4.931473136D+02 4.932659870D+02 4.933771699D+02
 4.934803705D+02 4.935750755D+02 4.936607505D+02 4.937368395D+02 4.938027643D+02
 4.938579249D+02 4.939016988D+02 4.939334413D+02 4.939524854D+02 4.939581419D+02
 4.939496992D+02 4.939264243D+02 4.938875624D+02 4.938323379D+02 4.937599545D+02
 4.936695962D+02 4.935604282D+02 4.934315976D+02 4.932822345D+02 4.931114534D+02
 4.929183545D+02 4.927020252D+02 4.924615420D+02 4.921959721D+02 4.919043758D+02
 4.915858084D+02 4.912393225D+02 4.908639712D+02 4.904588100D+02 4.900229004D+02
 4.895553122D+02 4.890551276D+02 4.885214436D+02 4.879533761D+02 4.873500630D+02
 4.867106680D+02 4.860343842D+02 4.853204379D+02 4.845680920D+02 4.837766497D+02
 4.829454582D+02 4.820739117D+02 4.811614551D+02 4.802075863D+02 4.792118594D+02
 4.781738868D+02 4.770933408D+02 4.759699555D+02 4.748035271D+02 4.735939145D+02
 4.723410385D+02 4.710448808D+02 4.697054817D+02 4.683229377D+02 4.668973969D+02
 4.654290551D+02 4.639181496D+02 4.623649529D+02 4.607697652D+02 4.591329063D+02
 4.574547065D+02 4.557354975D+02 4.539756025D+02 4.521753268D+02 4.503349481D+02
 4.484547084D+02 4.465348061D+02 4.445753906D+02 4.425765590D+02 4.405383550D+02
 4.384607720D+02 4.363437593D+02 4.341872327D+02 4.319910888D+02 4.297552237D+02
 4.274795544D+02 4.251640428D+02 4.228087205D+02 4.204137127D+02 4.179792593D+02
 4.155057308D+02 4.129936381D+02 4.104436332D+02 4.078565015D+02 4.052331442D+02
 4.025745532D+02 3.998817790D+02 3.971558934D+02 3.943979525D+02 3.916089588D+02
 3.887898286D+02 3.859413656D+02 3.830642411D+02 3.801589851D+02 3.772259848D+02
 3.742654933D+02 3.712776453D+02 3.682624812D+02 3.652199750D+02 3.621500668D+02
 3.590526969D+02 3.559278407D+02 3.527755410D+02 3.495959381D+02 3.463892953D+02
 3.431560184D+02 3.398966685D+02 3.366119677D+02 3.333027960D+02 3.299701810D+02
 3.266152786D+02 3.232393468D+02 3.198437127D+02 3.164297353D+02 3.129987646D+02
 3.095521012D+02 3.060909586D+02 3.026164325D+02 2.991294800D+02 2.956309128D+02
 2.921214070D+02 2.886015302D+02 2.850717850D+02 2.815326641D+02 2.779847113D+02
 2.744285765D+02 2.708650566D+02 2.672951122D+02 2.637198557D+02 2.601405102D+02
 2.565583472D+02 2.529746116D+02 2.493904482D+02 2.458068415D+02 2.422245772D+02
 2.386442311D+02 2.350661853D+02 2.314906693D+02 2.279178199D+02 2.243477536D+02
 2.207806450D+02 2.172168026D+02 2.136567398D+02 2.101012320D+02 2.065513606D+02
 2.030085382D+02 1.994745150D+02 1.959513662D+02 1.924414599D+02 1.889474078D+02
 1.854719990D+02 1.820181220D+02 1.785886757D+02 1.751864748D+02 1.718141551D+02
 1.684740823D+02 1.651682742D+02 1.618983419D+02 1.586654617D+02 1.554703849D+02
 1.523134946D+02 1.491949105D+02 1.461146328D+02 1.430727039D+02 1.400693539D+02
 1.371050905D+02 1.341807078D+02 1.312972085D+02 1.284556632D+02 1.256570479D+02
 1.229021019D+02 1.201912327D+02 1.175244794D+02 1.149015276D+02 1.123217621D+02
 1.097843419D+02 1.072882816D+02 1.048325311D+02 1.024160455D+02 1.000378418D+02
 9.769704230D+01 9.539290274D+01 9.312482863D+01 9.089237968D+01 8.869526517D+01
 8.653333180D+01 8.440654621D+01 8.231497377D+01 8.025875541D+01 7.823808365D+01
 7.625317930D+01 7.430426944D+01 7.239156762D+01 7.051525662D+01 6.867547413D+01
 6.687230151D+01 6.510575558D+01 6.337578338D+01 6.168225976D+01 6.002498738D+01
 5.840369904D+01 5.681806182D+01 5.526768268D+01 5.375211514D+01 5.227086642D+01
 5.082340475D+01 4.940916610D+01 4.802756004D+01 4.667797425D+01 4.535977748D+01
 4.407232099D+01 4.281493850D+01 4.158694503D+01 4.038763518D+01 3.921628107D+01
 3.807213069D+01 3.695440674D+01 3.586230613D+01 3.479500101D+01 3.375163992D+01

PPAR:  In    VES= -0.057958
 L       ENU        C       +/-DEL   1/SQRT(P)     GAMMA      ALPHA
 0 -0.5875875 -0.6557436  0.1524567  3.5721349  0.4370163  0.4370163
 1 -0.3413736  0.3112311 -0.1601662  5.2152728  0.1258396  0.1258396
 2 -0.2496836 -7.2331131 -2.6173051  1.2421695 -0.3710168 -0.3710168
 3 -0.2297456  2.9246774  0.1993050  8.4756351  0.0503624  0.0503624
 0 -0.5883275 -0.6599093  0.1525645  3.5700570  0.4369311  0.4369311
 1 -0.3175958  0.3056860 -0.1595918  5.1665164  0.1253558  0.1253558
 2 -0.2215643-0.11438E+2 -6.7281527  1.2940315 -0.5976813 -0.5976813
 3 -0.2087755  2.9100775  0.1980427  8.4013028  0.0501585  0.0501585
