GENERAL: LMX=2  NSPIN=2   WSR= 2.831544  REL=T  NR=331  A=.030
   Z=25  QC=18  QTOT= 0.102902

 SPIN 1:

 ETOT  =  -1196.8593459  EKIN =    1192.9416038  UTOT =  -2389.7500172
 EMAD  =     -0.0509325  SUMEC=    -679.4475501  SUMEV=     -1.2812139
 RHOV  =  -1873.6703677  UNUCL=   -2871.1932236  UELEC=    534.9543895
 RHOEPS=    -53.5111830  REPSNL=      0.0000000  RHOMU=    -71.5518962
 RMUNL =      0.0000000

 SPIN 2:

 ETOT  =  -1117.0897830  EKIN =    1148.0622145  UTOT =  -2265.1999174
 EMAD  =      0.0479198  SUMEC=    -678.1161023  SUMEV=     -0.5179739
 RHOV  =  -1826.6962907  UNUCL=   -2671.0010134  UELEC=    453.5691588
 RHOEPS=    -47.7680628  REPSNL=      0.0000000  RHOMU=    -62.1973308
 RMUNL =      0.0000000

 ETOT  =  -2313.9491289  EKIN =    2341.0038183  UTOT =  -4654.9499346
 EMAD  =     -0.0030127  SUMEC=   -1357.5636524  SUMEV=     -1.7991878
 RHOV  =  -3700.3666584  UNUCL=   -5542.1942370  UELEC=    988.5235483
 RHOEPS=   -101.2792458  REPSNL=      0.0000000  RHOMU=   -133.7492270
 RMUNL =      0.0000000

MOMNTS:  Mn1   VRMAX= -0.749922
 L      PL         Q0         Q1         Q2   IDMOD     DL
 0  4.6747724  0.3344177 -0.0071106  0.0092968  0  -0.6118176
 1  4.4093622  0.4180138 -0.0056396  0.0092597  0   0.2927010
 2  3.8656058  4.4873623  0.0183707  0.0463594  0  -2.2260404
 0  4.6405921  0.3043577 -0.0074570  0.0077274  0  -0.4728385
 1  4.3880039  0.4067924 -0.0070203  0.0091016  0   0.3671222
 2  3.4944612  1.1519578  0.0007905  0.0113054  0   0.0174025
COR:
  331    2     0.03000   10
 0.000000000D+00 1.694318363D-06 6.821153266D-06 1.559913959D-05 2.830035122D-05
 4.522150097D-05 6.669690135D-05 9.308225495D-05 1.247611164D-04 1.621446524D-04
 2.056729665D-04 2.558166002D-04 3.130781983D-04 3.779943353D-04 4.511374922D-04
 5.331181788D-04 6.245872030D-04 7.262380892D-04 8.388096503D-04 9.630887206D-04
 1.099913055D-03 1.250174407D-03 1.414821782D-03 1.594864899D-03 1.791377840D-03
 2.005502928D-03 2.238454821D-03 2.491524854D-03 2.766085622D-03 3.063595839D-03
 3.385605469D-03 3.733761154D-03 4.109811952D-03 4.515615407D-03 4.953143950D-03
 5.424491683D-03 5.931881527D-03 6.477672781D-03 7.064369105D-03 7.694626945D-03
 8.371264430D-03 9.097270757D-03 9.875816101D-03 1.071026206D-02 1.160417269D-02
 1.256132612D-02 1.358572678D-02 1.468161838D-02 1.585349746D-02 1.710612774D-02
 1.844455525D-02 1.987412417D-02 2.140049364D-02 2.302965529D-02 2.476795182D-02
 2.662209644D-02 2.859919340D-02 3.070675944D-02 3.295274646D-02 3.534556524D-02
 3.789411037D-02 4.060778639D-02 4.349653524D-02 4.657086503D-02 4.984188017D-02
 5.332131294D-02 5.702155657D-02 6.095569982D-02 6.513756319D-02 6.958173668D-02
 7.430361939D-02 7.931946069D-02 8.464640333D-02 9.030252828D-02 9.630690152D-02
 1.026796227D-01 1.094418758D-01 1.166159818D-01 1.242254535D-01 1.322950518D-01
 1.408508452D-01 1.499202702D-01 1.595321944D-01 1.697169818D-01 1.805065598D-01
 1.919344886D-01 2.040360322D-01 2.168482316D-01 2.304099805D-01 2.447621015D-01
 2.599474248D-01 2.760108688D-01 2.929995216D-01 3.109627233D-01 3.299521507D-01
 3.500219014D-01 3.712285792D-01 3.936313798D-01 4.172921754D-01 4.422756002D-01
 4.686491340D-01 4.964831843D-01 5.258511669D-01 5.568295835D-01 5.894980963D-01
 6.239395984D-01 6.602402791D-01 6.984896844D-01 7.387807699D-01 7.812099462D-01
 8.258771159D-01 8.728856998D-01 9.223426523D-01 9.743584637D-01 1.029047148D+00
 1.086526214D+00 1.146916621D+00 1.210342711D+00 1.276932123D+00 1.346815680D+00
 1.420127252D+00 1.497003592D+00 1.577584137D+00 1.662010776D+00 1.750427588D+00
 1.842980533D+00 1.939817104D+00 2.041085936D+00 2.146936364D+00 2.257517930D+00
 2.372979842D+00 2.493470362D+00 2.619136148D+00 2.750121527D+00 2.886567694D+00
 3.028611854D+00 3.176386286D+00 3.330017330D+00 3.489624299D+00 3.655318319D+00
 3.827201079D+00 4.005363507D+00 4.189884365D+00 4.380828761D+00 4.578246584D+00
 4.782170863D+00 4.992616053D+00 5.209576247D+00 5.433023332D+00 5.662905082D+00
 5.899143211D+00 6.141631377D+00 6.390233174D+00 6.644780104D+00 6.905069553D+00
 7.170862797D+00 7.441883045D+00 7.717813551D+00 7.998295818D+00 8.282927923D+00
 8.571262987D+00 8.862807839D+00 9.157021887D+00 9.453316254D+00 9.751053213D+00
 1.004954595D+01 1.034805874D+01 1.064580749D+01 1.094196084D+01 1.123564175D+01
 1.152592961D+01 1.181186304D+01 1.209244335D+01 1.236663860D+01 1.263338855D+01
 1.289161025D+01 1.314020455D+01 1.337806331D+01 1.360407758D+01 1.381714648D+01
 1.401618701D+01 1.420014462D+01 1.436800456D+01 1.451880391D+01 1.465164426D+01
 1.476570501D+01 1.486025694D+01 1.493467630D+01 1.498845883D+01 1.502123394D+01
 1.503277849D+01 1.502303029D+01 1.499210076D+01 1.494028676D+01 1.486808109D+01
 1.477618156D+01 1.466549818D+01 1.453715826D+01 1.439250905D+01 1.423311770D+01
 1.406076815D+01 1.387745481D+01 1.368537261D+01 1.348690345D+01 1.328459873D+01
 1.308115785D+01 1.287940278D+01 1.268224861D+01 1.249267025D+01 1.231366541D+01
 1.214821429D+01 1.199923618D+01 1.186954365D+01 1.176179472D+01 1.167844385D+01
 1.162169239D+01 1.159343940D+01 1.159523382D+01 1.162822883D+01 1.169313953D+01
 1.179020497D+01 1.191915563D+01 1.207918727D+01 1.226894227D+01 1.248649937D+01
 1.272937250D+01 1.299451971D+01 1.327836239D+01 1.357681543D+01 1.388532848D+01
 1.419893805D+01 1.451233046D+01 1.481991496D+01 1.511590618D+01 1.539441502D+01
 1.564954655D+01 1.587550337D+01 1.606669276D+01 1.621783548D+01 1.632407421D+01
 1.638107921D+01 1.638514895D+01 1.633330313D+01 1.622336579D+01 1.605403613D+01
 1.582494479D+01 1.553669356D+01 1.519087675D+01 1.479008295D+01 1.433787558D+01
 1.383875219D+01 1.329808196D+01 1.272202198D+01 1.211741316D+01 1.149165729D+01
 1.085257756D+01 1.020826504D+01 9.566914593D+00 8.936653915D+00 8.325369932D+00
 7.740537055D+00 7.189051999D+00 6.677079880D+00 6.209916165D+00 5.791868733D+00
 5.426163797D+00 5.114878796D+00 4.858904560D+00 4.657938139D+00 4.510506762D+00
 4.414022376D+00 4.364865284D+00 4.358494452D+00 4.389581240D+00 4.452162518D+00
 4.539808493D+00 4.645800065D+00 4.763310161D+00 4.885583364D+00 5.006108202D+00
 5.118776773D+00 5.218026878D+00 5.298962582D+00 5.357449995D+00 5.390186125D+00
 5.394739547D+00 5.369563757D+00 5.313982595D+00 5.228151555D+00 5.112996946D+00
 4.970136608D+00 4.801786128D+00 4.610654766D+00 4.399835304D+00 4.172691929D+00
 3.932749937D+00 3.683590633D+00 3.428754298D+00 3.171653499D+00 2.915498452D+00
 2.663235534D+00 2.417499496D+00 2.180579388D+00 1.954397767D+00 1.740502376D+00
 1.540069137D+00 1.353915112D+00 1.182519856D+00 1.026053564D+00 8.844103076D-01
 7.572447498D-01 6.440107643D-01 5.440005210D-01 4.563827605D-01 3.802391618D-01
 3.145979101D-01 2.584637851D-01 2.108443061D-01 1.707716720D-01 1.373204313D-01
 1.096209804D-01 8.686913829D-02 6.833214982D-02 5.335155469D-02 4.134340226D-02
 3.179631081D-02 2.426786034D-02 1.837978005D-02 1.381234414D-02 1.029832580D-02
 7.616843667D-03
 0.000000000D+00 1.694515814D-06 6.821948188D-06 1.560095749D-05 2.830364932D-05
 4.522677107D-05 6.670467424D-05 9.309310289D-05 1.247756564D-04 1.621635493D-04
 2.056969365D-04 2.558464145D-04 3.131146865D-04 3.780383898D-04 4.511900719D-04
 5.331803140D-04 6.246600000D-04 7.263227349D-04 8.389074180D-04 9.632009752D-04
 1.100041260D-03 1.250320128D-03 1.414986697D-03 1.595050803D-03 1.791586654D-03
 2.005736706D-03 2.238715759D-03 2.491815298D-03 2.766408079D-03 3.063952985D-03
 3.386000162D-03 3.734196444D-03 4.110291093D-03 4.516141869D-03 4.953721435D-03
 5.425124137D-03 5.932573154D-03 6.478428062D-03 7.065192812D-03 7.695524162D-03
 8.372240568D-03 9.098331577D-03 9.876967734D-03 1.071151103D-02 1.160552594D-02
 1.256279102D-02 1.358731119D-02 1.468333064D-02 1.585534643D-02 1.710812286D-02
 1.844670652D-02 1.987644224D-02 2.140298980D-02 2.303234155D-02 2.477084090D-02
 2.662520188D-02 2.860252955D-02 3.071034152D-02 3.295659064D-02 3.534968866D-02
 3.789853120D-02 4.061252392D-02 4.350160990D-02 4.657629849D-02 4.984769538D-02
 5.332753424D-02 5.702820974D-02 6.096281216D-02 6.514516362D-02 6.958985582D-02
 7.431228966D-02 7.932871641D-02 8.465628081D-02 9.031306595D-02 9.631814001D-02
 1.026916050D-01 1.094546474D-01 1.166295908D-01 1.242399506D-01 1.323104909D-01
 1.408672829D-01 1.499377664D-01 1.595508125D-01 1.697367886D-01 1.805276260D-01
 1.919568885D-01 2.040598444D-01 2.168735392D-01 2.304368708D-01 2.447906666D-01
 2.599777620D-01 2.760430805D-01 2.930337156D-01 3.109990134D-01 3.299906564D-01
 3.500627487D-01 3.712719007D-01 3.936773147D-01 4.173408704D-01 4.423272095D-01
 4.687038195D-01 4.965411161D-01 5.259125237D-01 5.568945528D-01 5.895668748D-01
 6.240123924D-01 6.603173052D-01 6.985711692D-01 7.388669509D-01 7.813010720D-01
 8.259734467D-01 8.729875077D-01 9.224502219D-01 9.744720922D-01 1.029167146D+00
 1.086652905D+00 1.147050343D+00 1.210483816D+00 1.277080978D+00 1.346972667D+00
 1.420292768D+00 1.497178050D+00 1.577767964D+00 1.662204418D+00 1.750631507D+00
 1.843195206D+00 1.940043026D+00 2.041323618D+00 2.147186335D+00 2.257780735D+00
 2.373256042D+00 2.493760536D+00 2.619440891D+00 2.750441449D+00 2.886903422D+00
 3.028964030D+00 3.176755566D+00 3.330404382D+00 3.490029807D+00 3.655742977D+00
 3.827645592D+00 4.005828590D+00 4.190370739D+00 4.381337156D+00 4.578777732D+00
 4.782725502D+00 4.993194918D+00 5.210180072D+00 5.433652848D+00 5.663561013D+00
 5.899826269D+00 6.142342264D+00 6.390972574D+00 6.645548683D+00 6.905867953D+00
 7.171691634D+00 7.442742905D+00 7.718704986D+00 7.999219342D+00 8.283884008D+00
 8.572252062D+00 8.863830280D+00 9.158078020D+00 9.454406349D+00 9.752177480D+00
 1.005070454D+01 1.034925173D+01 1.064703490D+01 1.094322264D+01 1.123693781D+01
 1.152725975D+01 1.181322703D+01 1.209384088D+01 1.236806931D+01 1.263485203D+01
 1.289310605D+01 1.314173219D+01 1.337962229D+01 1.360566738D+01 1.381876661D+01
 1.401783701D+01 1.420182408D+01 1.436971313D+01 1.452054136D+01 1.465341051D+01
 1.476750013D+01 1.486208124D+01 1.493653031D+01 1.499034340D+01 1.502315025D+01
 1.503472813D+01 1.502501530D+01 1.499412368D+01 1.494235070D+01 1.487018979D+01
 1.477833942D+01 1.466771036D+01 1.453943071D+01 1.439484858D+01 1.423553203D+01
 1.406326596D+01 1.388004574D+01 1.368806734D+01 1.348971372D+01 1.328753729D+01
 1.308423851D+01 1.288264036D+01 1.268565891D+01 1.249626994D+01 1.231747200D+01
 1.215224596D+01 1.200351168D+01 1.187408207D+01 1.176661533D+01 1.168356581D+01
 1.162713451D+01 1.159921982D+01 1.160136964D+01 1.163473576D+01 1.170003145D+01
 1.179749355D+01 1.192684980D+01 1.208729279D+01 1.227746123D+01 1.249542968D+01
 1.273870745D+01 1.300424746D+01 1.328846554D+01 1.358727065D+01 1.389610612D+01
 1.421000189D+01 1.452363750D+01 1.483141533D+01 1.512754313D+01 1.540612505D+01
 1.566125966D+01 1.588714347D+01 1.607817817D+01 1.622907965D+01 1.633498650D+01
 1.639156592D+01 1.639511435D+01 1.634265067D+01 1.623199942D+01 1.606186161D+01
 1.583187107D+01 1.554263413D+01 1.519575094D+01 1.479381708D+01 1.434040398D+01
 1.384001800D+01 1.329803761D+01 1.272062940D+01 1.211464354D+01 1.148749050D+01
 1.084700105D+01 1.020127236D+01 9.558503449D+00 8.926823851D+00 8.314119692D+00
 7.727861770D+00 7.174940346D+00 6.661511422D+00 6.192859117D+00 5.773278436D+00
 5.405982199D+00 5.093035222D+00 4.835318012D+00 4.632521282D+00 4.483171613D+00
 4.384687575D+00 4.333464615D+00 4.324986161D+00 4.353957533D+00 4.414458576D+00
 4.500110325D+00 4.604250578D+00 4.720112939D+00 4.841003794D+00 4.960471757D+00
 5.072464425D+00 5.171467799D+00 5.252624429D+00 5.311827213D+00 5.345786783D+00
 5.352071309D+00 5.329119587D+00 5.276226836D+00 5.193506936D+00 5.081833049D+00
 4.942760210D+00 4.778433755D+00 4.591487662D+00 4.384936923D+00 4.162067924D+00
 3.926330537D+00 3.681235188D+00 3.430257699D+00 3.176754143D+00 2.923887360D+00
 2.674566232D+00 2.431398252D+00 2.196655446D+00 1.972253232D+00 1.759741446D+00
 1.560306467D+00 1.374783110D+00 1.203674811D+00 1.047180544D+00 9.052268345D-01
 7.775032949D-01 6.635001561D-01 5.625463738D-01 4.738470495D-01 3.965190673D-01
 3.296240446D-01 2.721979017D-01 2.232765697D-01 1.819175687D-01 1.472173870D-01
 1.183247714D-01 9.445018888D-02 7.487182620D-02 5.893857257D-02 4.607046368D-02
 3.575707347D-02 2.755432054D-02 2.108012242D-02 1.600928005D-02 1.206791384D-02
 9.027762152D-03
SUMEC
 0.000000000D+00 0.000000000D+00
EC
-4.708943831D+02-5.411820806D+01-5.933021534D+00-4.583785786D+01-3.662772211D+00
EC
-4.708935341D+02-5.400556741D+01-5.688569220D+00-4.575052313D+01-3.425605319D+00
POT:
  331    2     0.03000     2.83154
 1.729848624D+02 1.733466929D+02 1.737253431D+02 1.739488082D+02 1.741100826D+02
 1.742399420D+02 1.743478129D+02 1.744408828D+02 1.745231403D+02 1.745971840D+02
 1.746647908D+02 1.747272281D+02 1.747854318D+02 1.748401130D+02 1.748918248D+02
 1.749410063D+02 1.749880121D+02 1.750331326D+02 1.750766092D+02 1.751186447D+02
 1.751594113D+02 1.751990567D+02 1.752377085D+02 1.752754780D+02 1.753124628D+02
 1.753487496D+02 1.753844149D+02 1.754195278D+02 1.754541501D+02 1.754883378D+02
 1.755221420D+02 1.755556093D+02 1.755887824D+02 1.756217008D+02 1.756544011D+02
 1.756869173D+02 1.757192812D+02 1.757515224D+02 1.757836690D+02 1.758157475D+02
 1.758477829D+02 1.758797990D+02 1.759118185D+02 1.759438630D+02 1.759759534D+02
 1.760081097D+02 1.760403511D+02 1.760726964D+02 1.761051635D+02 1.761377699D+02
 1.761705327D+02 1.762034685D+02 1.762365934D+02 1.762699233D+02 1.763034737D+02
 1.763372598D+02 1.763712963D+02 1.764055981D+02 1.764401794D+02 1.764750545D+02
 1.765102371D+02 1.765457410D+02 1.765815797D+02 1.766177665D+02 1.766543143D+02
 1.766912362D+02 1.767285446D+02 1.767662521D+02 1.768043708D+02 1.768429127D+02
 1.768818895D+02 1.769213127D+02 1.769611934D+02 1.770015425D+02 1.770423706D+02
 1.770836878D+02 1.771255041D+02 1.771678288D+02 1.772106710D+02 1.772540391D+02
 1.772979414D+02 1.773423852D+02 1.773873774D+02 1.774329244D+02 1.774790317D+02
 1.775257042D+02 1.775729460D+02 1.776207602D+02 1.776691491D+02 1.777181141D+02
 1.777676553D+02 1.778177718D+02 1.778684614D+02 1.779197208D+02 1.779715450D+02
 1.780239277D+02 1.780768608D+02 1.781303347D+02 1.781843379D+02 1.782388567D+02
 1.782938758D+02 1.783493773D+02 1.784053411D+02 1.784617446D+02 1.785185624D+02
 1.785757666D+02 1.786333260D+02 1.786912065D+02 1.787493706D+02 1.788077771D+02
 1.788663814D+02 1.789251348D+02 1.789839844D+02 1.790428733D+02 1.791017395D+02
 1.791605167D+02 1.792191333D+02 1.792775125D+02 1.793355719D+02 1.793932234D+02
 1.794503727D+02 1.795069192D+02 1.795627559D+02 1.796177686D+02 1.796718362D+02
 1.797248298D+02 1.797766132D+02 1.798270417D+02 1.798759626D+02 1.799232145D+02
 1.799686269D+02 1.800120203D+02 1.800532057D+02 1.800919842D+02 1.801281472D+02
 1.801614756D+02 1.801917398D+02 1.802186995D+02 1.802421036D+02 1.802616898D+02
 1.802771844D+02 1.802883025D+02 1.802947476D+02 1.802962116D+02 1.802923750D+02
 1.802829063D+02 1.802674628D+02 1.802456902D+02 1.802172230D+02 1.801816845D+02
 1.801386872D+02 1.800878333D+02 1.800287146D+02 1.799609136D+02 1.798840036D+02
 1.797975496D+02 1.797011088D+02 1.795942315D+02 1.794764621D+02 1.793473401D+02
 1.792064007D+02 1.790531769D+02 1.788871997D+02 1.787080004D+02 1.785151115D+02
 1.783080686D+02 1.780864116D+02 1.778496870D+02 1.775974492D+02 1.773292628D+02
 1.770447042D+02 1.767433638D+02 1.764248478D+02 1.760887805D+02 1.757348063D+02
 1.753625915D+02 1.749718263D+02 1.745622272D+02 1.741335381D+02 1.736855326D+02
 1.732180152D+02 1.727308227D+02 1.722238255D+02 1.716969286D+02 1.711500716D+02
 1.705832297D+02 1.699964131D+02 1.693896667D+02 1.687630691D+02 1.681167312D+02
 1.674507943D+02 1.667654275D+02 1.660608249D+02 1.653372023D+02 1.645947924D+02
 1.638338414D+02 1.630546029D+02 1.622573334D+02 1.614422862D+02 1.606097059D+02
 1.597598222D+02 1.588928450D+02 1.580089585D+02 1.571083175D+02 1.561910439D+02
 1.552572245D+02 1.543069112D+02 1.533401227D+02 1.523568487D+02 1.513570568D+02
 1.503407018D+02 1.493077375D+02 1.482581308D+02 1.471918767D+02 1.461090142D+02
 1.450096415D+02 1.438939288D+02 1.427621287D+02 1.416145808D+02 1.404517120D+02
 1.392740302D+02 1.380821128D+02 1.368765898D+02 1.356581235D+02 1.344273857D+02
 1.331850347D+02 1.319316937D+02 1.306679323D+02 1.293942521D+02 1.281110768D+02
 1.268187489D+02 1.255175302D+02 1.242076086D+02 1.228891082D+02 1.215621034D+02
 1.202266357D+02 1.188827323D+02 1.175304251D+02 1.161697703D+02 1.148008669D+02
 1.134238737D+02 1.120390249D+02 1.106466418D+02 1.092471432D+02 1.078410510D+02
 1.064289927D+02 1.050117006D+02 1.035900060D+02 1.021648307D+02 1.007371738D+02
 9.930809521D+01 9.787869632D+01 9.645009701D+01 9.502341110D+01 9.359972009D+01
 9.218004650D+01 9.076532806D+01 8.935639433D+01 8.795394760D+01 8.655855026D+01
 8.517062105D+01 8.379044250D+01 8.241818121D+01 8.105392174D+01 7.969771242D+01
 7.834961931D+01 7.700978113D+01 7.567845608D+01 7.435605122D+01 7.304312701D+01
 7.174037452D+01 7.044856875D+01 6.916850648D+01 6.790094009D+01 6.664651813D+01
 6.540574072D+01 6.417893369D+01 6.296624158D+01 6.176763698D+01 6.058294210D+01
 5.941185833D+01 5.825399978D+01 5.710892765D+01 5.597618290D+01 5.485531573D+01
 5.374591083D+01 5.264760762D+01 5.156011582D+01 5.048322583D+01 4.941681468D+01
 4.836084771D+01 4.731537656D+01 4.628053394D+01 4.525652585D+01 4.424362175D+01
 4.324214324D+01 4.225245182D+01 4.127493619D+01 4.030999957D+01 3.935804732D+01
 3.841947546D+01 3.749465998D+01 3.658394755D+01 3.568764752D+01 3.480602551D+01
 3.393929849D+01 3.308763160D+01 3.225113654D+01 3.142987158D+01 3.062384309D+01
 2.983300863D+01 2.905728117D+01 2.829653449D+01 2.755060927D+01 2.681931957D+01
 2.610245908D+01 2.539980681D+01 2.471113141D+01 2.403619407D+01 2.337474949D+01
 2.272654514D+01 2.209131921D+01 2.146879751D+01 2.085869020D+01 2.026068880D+01
 1.967446389D+01 1.909966391D+01 1.853591506D+01 1.798282226D+01 1.743997165D+01
 1.690693348D+01
 1.729840393D+02 1.733458760D+02 1.737245328D+02 1.739480017D+02 1.741092788D+02
 1.742391405D+02 1.743470133D+02 1.744400847D+02 1.745223437D+02 1.745963886D+02
 1.746639965D+02 1.747264349D+02 1.747846396D+02 1.748393217D+02 1.748910344D+02
 1.749402167D+02 1.749872233D+02 1.750323445D+02 1.750758219D+02 1.751178581D+02
 1.751586254D+02 1.751982714D+02 1.752369238D+02 1.752746939D+02 1.753116794D+02
 1.753479667D+02 1.753836327D+02 1.754187461D+02 1.754533689D+02 1.754875573D+02
 1.755213620D+02 1.755548298D+02 1.755880035D+02 1.756209224D+02 1.756536232D+02
 1.756861400D+02 1.757185043D+02 1.757507461D+02 1.757828932D+02 1.758149722D+02
 1.758470081D+02 1.758790247D+02 1.759110447D+02 1.759430897D+02 1.759751806D+02
 1.760073375D+02 1.760395794D+02 1.760719252D+02 1.761043928D+02 1.761369998D+02
 1.761697631D+02 1.762026994D+02 1.762358249D+02 1.762691553D+02 1.763027062D+02
 1.763364928D+02 1.763705300D+02 1.764048323D+02 1.764394142D+02 1.764742898D+02
 1.765094730D+02 1.765449775D+02 1.765808168D+02 1.766170042D+02 1.766535527D+02
 1.766904751D+02 1.767277842D+02 1.767654923D+02 1.768036117D+02 1.768421543D+02
 1.768811318D+02 1.769205556D+02 1.769604371D+02 1.770007869D+02 1.770416157D+02
 1.770829337D+02 1.771247507D+02 1.771670762D+02 1.772099191D+02 1.772532881D+02
 1.772971911D+02 1.773416358D+02 1.773866289D+02 1.774321767D+02 1.774782849D+02
 1.775249583D+02 1.775722010D+02 1.776200161D+02 1.776684060D+02 1.777173720D+02
 1.777669142D+02 1.778170317D+02 1.778677224D+02 1.779189829D+02 1.779708082D+02
 1.780231919D+02 1.780761262D+02 1.781296013D+02 1.781836056D+02 1.782381257D+02
 1.782931461D+02 1.783486489D+02 1.784046139D+02 1.784610187D+02 1.785178379D+02
 1.785750435D+02 1.786326044D+02 1.786904863D+02 1.787486519D+02 1.788070600D+02
 1.788656658D+02 1.789244208D+02 1.789832721D+02 1.790421626D+02 1.791010306D+02
 1.791598095D+02 1.792184279D+02 1.792768089D+02 1.793348702D+02 1.793925236D+02
 1.794496748D+02 1.795062234D+02 1.795620621D+02 1.796170769D+02 1.796711466D+02
 1.797241424D+02 1.797759280D+02 1.798263588D+02 1.798752820D+02 1.799225362D+02
 1.799679511D+02 1.800113469D+02 1.800525348D+02 1.800913160D+02 1.801274816D+02
 1.801608126D+02 1.801910795D+02 1.802180420D+02 1.802414490D+02 1.802610380D+02
 1.802765355D+02 1.802876566D+02 1.802941047D+02 1.802955718D+02 1.802917382D+02
 1.802822727D+02 1.802668324D+02 1.802450631D+02 1.802165992D+02 1.801810640D+02
 1.801380701D+02 1.800872195D+02 1.800281042D+02 1.799603067D+02 1.798834002D+02
 1.797969497D+02 1.797005123D+02 1.795936386D+02 1.794758728D+02 1.793467542D+02
 1.792058184D+02 1.790525980D+02 1.788866243D+02 1.787074285D+02 1.785145430D+02
 1.783075034D+02 1.780858497D+02 1.778491283D+02 1.775968937D+02 1.773287103D+02
 1.770441546D+02 1.767428170D+02 1.764243037D+02 1.760882389D+02 1.757342671D+02
 1.753620544D+02 1.749712912D+02 1.745616938D+02 1.741330063D+02 1.736850021D+02
 1.732174856D+02 1.727302939D+02 1.722232972D+02 1.716964005D+02 1.711495434D+02
 1.705827011D+02 1.699958839D+02 1.693891366D+02 1.687625380D+02 1.681161989D+02
 1.674502606D+02 1.667648925D+02 1.660602888D+02 1.653366652D+02 1.645942548D+02
 1.638333039D+02 1.630540665D+02 1.622567993D+02 1.614417562D+02 1.606091821D+02
 1.597593075D+02 1.588923428D+02 1.580084731D+02 1.571078544D+02 1.561906095D+02
 1.552568266D+02 1.543065590D+02 1.533398273D+02 1.523566229D+02 1.513569156D+02
 1.503406625D+02 1.493078199D+02 1.482583573D+02 1.471922724D+02 1.461096071D+02
 1.450104623D+02 1.438950114D+02 1.427635095D+02 1.416162992D+02 1.404538099D+02
 1.392765521D+02 1.380851060D+02 1.368801040D+02 1.356622111D+02 1.344321018D+02
 1.331904376D+02 1.319378450D+02 1.306748975D+02 1.294021010D+02 1.281198845D+02
 1.268285959D+02 1.255285040D+02 1.242198040D+02 1.229026286D+02 1.215770621D+02
 1.202431568D+02 1.189009524D+02 1.175504947D+02 1.161918554D+02 1.148251511D+02
 1.134505603D+02 1.120683388D+02 1.106788326D+02 1.092824879D+02 1.078798568D+02
 1.064716011D+02 1.050584905D+02 1.036413982D+02 1.022212919D+02 1.007992212D+02
 9.937630104D+01 9.795369173D+01 9.653257588D+01 9.511413244D+01 9.369950866D+01
 9.228979056D+01 9.088597297D+01 8.948893034D+01 8.809938988D+01 8.671790917D+01
 8.534486074D+01 8.398042666D+01 8.262460650D+01 8.127724180D+01 7.993805908D+01
 7.860673117D+01 7.728295274D+01 7.596652127D+01 7.465741060D+01 7.335582177D+01
 7.206219902D+01 7.077720509D+01 6.950166023D+01 6.823645757D+01 6.698247240D+01
 6.574048172D+01 6.451110523D+01 6.329477261D+01 6.209171569D+01 6.090198113D+01
 5.972545710D+01 5.856190822D+01 5.741101353D+01 5.627240396D+01 5.514569659D+01
 5.403052444D+01 5.292656062D+01 5.183353708D+01 5.075125765D+01 4.967960604D+01
 4.861854895D+01 4.756813525D+01 4.652849151D+01 4.549981470D+01 4.448236265D+01
 4.347644286D+01 4.248240018D+01 4.150060398D+01 4.053143516D+01 3.957527354D+01
 3.863248587D+01 3.770341488D+01 3.678836952D+01 3.588761675D+01 3.500137499D+01
 3.412980948D+01 3.327302970D+01 3.243108919D+01 3.160398771D+01 3.079167615D+01
 2.999406395D+01 2.921102890D+01 2.844242858D+01 2.768811238D+01 2.694793248D+01
 2.622175212D+01 2.550944955D+01 2.481091700D+01 2.412605466D+01 2.345476124D+01
 2.279692269D+01 2.215240133D+01 2.152102677D+01 2.090258967D+01 2.029683850D+01
 1.970347908D+01 1.912217649D+01 1.855255865D+01 1.799422094D+01 1.744673218D+01
 1.690964037D+01

PPAR:  Mn1   VES=  0.014137
 L       ENU        C       +/-DEL   1/SQRT(P)     GAMMA      ALPHA
 0 -0.4562785 -0.3225362 -0.1699877  4.3321159  0.4476312  0.4476312
 1 -0.3269556  0.5845002  0.1727777  5.7327189  0.1309086  0.1309086
 2 -0.2210504 -0.1981546  0.0155165  0.6939877 -0.0023286 -0.0023286
 0 -0.4421714 -0.2515907 -0.1750861  4.5596168  0.4501185  0.4501185
 1 -0.3089618  0.6634409  0.1781863  5.9215960  0.1324109  0.1324109
 2 -0.2237122  0.0255947  0.0237780  0.9398832  0.0135447  0.0135447
