GENERAL: LMX=2  NSPIN=2   WSR= 2.831544  REL=T  NR=331  A=.030
   Z=25  QC=18  QTOT= 0.153573

 SPIN 1:

 ETOT  =  -1196.2544747  EKIN =    1192.6479778  UTOT =  -2388.8053545
 EMAD  =     -0.0970980  SUMEC=    -679.4332012  SUMEV=     -1.2887271
 RHOV  =  -1873.3699061  UNUCL=   -2870.3605201  UELEC=    535.0462291
 RHOEPS=    -53.4910634  REPSNL=      0.0000000  RHOMU=    -71.5125773
 RMUNL =      0.0000000

 SPIN 2:

 ETOT  =  -1117.6801522  EKIN =    1148.4597520  UTOT =  -2266.2284330
 EMAD  =      0.0885288  SUMEC=    -678.1230283  SUMEV=     -0.5306994
 RHOV  =  -1827.1134797  UNUCL=   -2673.1894595  UELEC=    454.7944745
 RHOEPS=    -47.8334480  REPSNL=      0.0000000  RHOMU=    -62.2949818
 RMUNL =      0.0000000

 ETOT  =  -2313.9346268  EKIN =    2341.1077298  UTOT =  -4655.0337874
 EMAD  =     -0.0085692  SUMEC=   -1357.5562296  SUMEV=     -1.8194264
 RHOV  =  -3700.4833858  UNUCL=   -5543.5499796  UELEC=    989.8407036
 RHOEPS=   -101.3245114  REPSNL=      0.0000000  RHOMU=   -133.8075591
 RMUNL =      0.0000000

MOMNTS:  Mn2   VRMAX= -0.769031
 L      PL         Q0         Q1         Q2   IDMOD     DL
 0  4.6823249  0.3390602 -0.0075674  0.0097725  0  -0.6449126
 1  4.4161281  0.4239155 -0.0046924  0.0092170  0   0.2697635
 2  3.8660037  4.4771991  0.0176479  0.0464360  0  -2.2335058
 0  4.6486790  0.3084423 -0.0078393  0.0079931  0  -0.5043089
 1  4.3954468  0.4143104 -0.0059178  0.0092288  0   0.3408092
 2  3.5093689  1.1906455  0.0012373  0.0116426  0  -0.0294418
COR:
  331    2     0.03000   10
 0.000000000D+00 1.694313479D-06 6.821133604D-06 1.559909463D-05 2.830026964D-05
 4.522137061D-05 6.669670908D-05 9.308198662D-05 1.247607568D-04 1.621441850D-04
 2.056723736D-04 2.558158627D-04 3.130772957D-04 3.779932455D-04 4.511361914D-04
 5.331166416D-04 6.245854020D-04 7.262359950D-04 8.388072313D-04 9.630859431D-04
 1.099909883D-03 1.250170801D-03 1.414817701D-03 1.594860298D-03 1.791372672D-03
 2.005497142D-03 2.238448363D-03 2.491517665D-03 2.766077641D-03 3.063586999D-03
 3.385595699D-03 3.733750379D-03 4.109800091D-03 4.515602373D-03 4.953129653D-03
 5.424476024D-03 5.931864402D-03 6.477654079D-03 7.064348708D-03 7.694604727D-03
 8.371240256D-03 9.097244484D-03 9.875787578D-03 1.071023113D-02 1.160413917D-02
 1.256128983D-02 1.358568753D-02 1.468157596D-02 1.585345165D-02 1.710607831D-02
 1.844450194D-02 1.987406673D-02 2.140043178D-02 2.302958871D-02 2.476788021D-02
 2.662201947D-02 2.859911070D-02 3.070667063D-02 3.295265115D-02 3.534546300D-02
 3.789400075D-02 4.060766891D-02 4.349640939D-02 4.657073028D-02 4.984173593D-02
 5.332115862D-02 5.702139153D-02 6.095552338D-02 6.513737462D-02 6.958153523D-02
 7.430340425D-02 7.931923101D-02 8.464615821D-02 9.030226676D-02 9.630662257D-02
 1.026793253D-01 1.094415587D-01 1.166156440D-01 1.242250935D-01 1.322946685D-01
 1.408504370D-01 1.499198357D-01 1.595317320D-01 1.697164898D-01 1.805060366D-01
 1.919339321D-01 2.040354405D-01 2.168476028D-01 2.304093124D-01 2.447613916D-01
 2.599466708D-01 2.760100682D-01 2.929986716D-01 3.109618211D-01 3.299511933D-01
 3.500208857D-01 3.712275019D-01 3.936302373D-01 4.172909641D-01 4.422743163D-01
 4.686477734D-01 4.964817427D-01 5.258496399D-01 5.568279663D-01 5.894963841D-01
 6.239377859D-01 6.602383609D-01 6.984876549D-01 7.387786230D-01 7.812076758D-01
 8.258747152D-01 8.728831621D-01 9.223399705D-01 9.743556302D-01 1.029044155D+00
 1.086523053D+00 1.146913284D+00 1.210339189D+00 1.276928406D+00 1.346811759D+00
 1.420123117D+00 1.496999232D+00 1.577579540D+00 1.662005932D+00 1.750422485D+00
 1.842975159D+00 1.939811446D+00 2.041079980D+00 2.146930097D+00 2.257511338D+00
 2.372972909D+00 2.493463074D+00 2.619128489D+00 2.750113480D+00 2.886559243D+00
 3.028602983D+00 3.176376976D+00 3.330007562D+00 3.489614056D+00 3.655307581D+00
 3.827189826D+00 4.005351719D+00 4.189872021D+00 4.380815839D+00 4.578233064D+00
 4.782156723D+00 4.992601270D+00 5.209560798D+00 5.433007194D+00 5.662888232D+00
 5.899125624D+00 6.141613029D+00 6.390214041D+00 6.644760159D+00 6.905048772D+00
 7.170841154D+00 7.441860514D+00 7.717790106D+00 7.998271432D+00 8.282902567D+00
 8.571236635D+00 8.862780462D+00 9.156993455D+00 9.453286739D+00 9.751022583D+00
 1.004951418D+01 1.034802578D+01 1.064577332D+01 1.094192543D+01 1.123560504D+01
 1.152589157D+01 1.181182364D+01 1.209240253D+01 1.236659632D+01 1.263334475D+01
 1.289156488D+01 1.314015753D+01 1.337801459D+01 1.360402707D+01 1.381709410D+01
 1.401613267D+01 1.420008822D+01 1.436794598D+01 1.451874302D+01 1.465158093D+01
 1.476563906D+01 1.486018823D+01 1.493460462D+01 1.498838398D+01 1.502115569D+01
 1.503269658D+01 1.502294445D+01 1.499201068D+01 1.494019211D+01 1.486798152D+01
 1.477607667D+01 1.466538755D+01 1.453704142D+01 1.439238552D+01 1.423298696D+01
 1.406062964D+01 1.387730793D+01 1.368521674D+01 1.348673795D+01 1.328442289D+01
 1.308097097D+01 1.287920412D+01 1.268203742D+01 1.249244576D+01 1.231342685D+01
 1.214796087D+01 1.199896715D+01 1.186925827D+01 1.176149227D+01 1.167812366D+01
 1.162135384D+01 1.159308196D+01 1.159485703D+01 1.162783233D+01 1.169272308D+01
 1.178976848D+01 1.191869916D+01 1.207871104D+01 1.226844672D+01 1.248598512D+01
 1.272884042D+01 1.299397088D+01 1.327779814D+01 1.357623739D+01 1.388473850D+01
 1.419833826D+01 1.451172326D+01 1.481930300D+01 1.511529235D+01 1.539380243D+01
 1.564893849D+01 1.587490330D+01 1.606610424D+01 1.621726215D+01 1.632351968D+01
 1.638054706D+01 1.638464260D+01 1.633282578D+01 1.622292034D+01 1.605362507D+01
 1.582457013D+01 1.553635671D+01 1.519057844D+01 1.478982311D+01 1.433765328D+01
 1.383856554D+01 1.329792804D+01 1.272189680D+01 1.211731159D+01 1.149157305D+01
 1.085250322D+01 1.020819204D+01 9.566833297D+00 8.936553687D+00 8.325239247D+00
 7.740363639D+00 7.188823004D+00 6.676782088D+00 6.209536222D+00 5.791393412D+00
 5.425580288D+00 5.114175017D+00 4.858069483D+00 4.656962128D+00 4.509381911D+00
 4.412742841D+00 4.363427589D+00 4.356897770D+00 4.387827626D+00 4.450257080D+00
 4.537759505D+00 4.643618989D+00 4.761011594D+00 4.883184892D+00 5.003630164D+00
 5.116241944D+00 5.215460069D+00 5.296390169D+00 5.354899399D+00 5.387685243D+00
 5.392316164D+00 5.367244946D+00 5.311794133D+00 5.226117364D+00 5.111138583D+00
 4.968472807D+00 4.800332424D+00 4.609423192D+00 4.398834184D+00 4.171925759D+00
 3.932219364D+00 3.683292525D+00 3.428681904D+00 3.171796688D+00 2.915844027D+00
 2.663767611D+00 2.418199929D+00 2.181428231D+00 1.955373768D+00 1.741583471D+00
 1.541232951D+00 1.355139433D+00 1.183783096D+00 1.027335164D+00 8.856911078D-01
 7.585072966D-01 6.452395576D-01 5.451821947D-01 4.575061958D-01 3.812955324D-01
 3.155806620D-01 2.593685562D-01 2.116687905D-01 1.715154385D-01 1.379847046D-01
 1.102083967D-01 8.738348549D-02 6.877810442D-02 5.373442534D-02 4.166888934D-02
 3.207028953D-02 2.449619270D-02 1.856815894D-02 1.396617068D-02 1.042261927D-02
 7.716181765D-03
 0.000000000D+00 1.694507545D-06 6.821914897D-06 1.560088136D-05 2.830351119D-05
 4.522655036D-05 6.670434871D-05 9.309264857D-05 1.247750474D-04 1.621627578D-04
 2.056959326D-04 2.558451658D-04 3.131131583D-04 3.780365446D-04 4.511878696D-04
 5.331777115D-04 6.246569508D-04 7.263191894D-04 8.389033227D-04 9.631962731D-04
 1.100035889D-03 1.250314023D-03 1.414979789D-03 1.595043015D-03 1.791577906D-03
 2.005726912D-03 2.238704827D-03 2.491803129D-03 2.766394569D-03 3.063938021D-03
 3.385983624D-03 3.734178205D-03 4.110271016D-03 4.516119808D-03 4.953697236D-03
 5.425097633D-03 5.932544170D-03 6.478396409D-03 7.065158291D-03 7.695486558D-03
 8.372199655D-03 9.098287113D-03 9.876919462D-03 1.071145868D-02 1.160546921D-02
 1.256272961D-02 1.358724477D-02 1.468325886D-02 1.585526891D-02 1.710803921D-02
 1.844661632D-02 1.987634504D-02 2.140288513D-02 2.303222890D-02 2.477071975D-02
 2.662507165D-02 2.860238963D-02 3.071019129D-02 3.295642941D-02 3.534951571D-02
 3.789834577D-02 4.061232519D-02 4.350139702D-02 4.657607055D-02 4.984745141D-02
 5.332727322D-02 5.702793059D-02 6.096251374D-02 6.514484470D-02 6.958951512D-02
 7.431192581D-02 7.932832798D-02 8.465586627D-02 9.031262367D-02 9.631766831D-02
 1.026911021D-01 1.094541113D-01 1.166290195D-01 1.242393420D-01 1.323098427D-01
 1.408665928D-01 1.499370318D-01 1.595500307D-01 1.697359569D-01 1.805267413D-01
 1.919559478D-01 2.040588443D-01 2.168724762D-01 2.304357413D-01 2.447894667D-01
 2.599764876D-01 2.760417273D-01 2.930322790D-01 3.109974886D-01 3.299890385D-01
 3.500610322D-01 3.712700801D-01 3.936753842D-01 4.173388237D-01 4.423250402D-01
 4.687015207D-01 4.965386806D-01 5.259099439D-01 5.568918209D-01 5.895639825D-01
 6.240093310D-01 6.603140654D-01 6.985677415D-01 7.388633252D-01 7.812972379D-01
 8.259693930D-01 8.729832230D-01 9.224456941D-01 9.744673087D-01 1.029162093D+00
 1.086647570D+00 1.147044711D+00 1.210477872D+00 1.277074707D+00 1.346966051D+00
 1.420285792D+00 1.497170695D+00 1.577760212D+00 1.662196251D+00 1.750622904D+00
 1.843186146D+00 1.940033489D+00 2.041313582D+00 2.147175775D+00 2.257769630D+00
 2.373244366D+00 2.493748264D+00 2.619427998D+00 2.750427908D+00 2.886889205D+00
 3.028949108D+00 3.176739911D+00 3.330387964D+00 3.490012595D+00 3.655724940D+00
 3.827626698D+00 4.005808806D+00 4.190350033D+00 4.381315492D+00 4.578755077D+00
 4.782701820D+00 4.993170175D+00 5.210154232D+00 5.433625875D+00 5.663532870D+00
 5.899796919D+00 6.142311670D+00 6.390940700D+00 6.645515490D+00 6.905833405D+00
 7.171655694D+00 7.442705536D+00 7.718666151D+00 7.999179004D+00 8.283842131D+00
 8.572208608D+00 8.863785213D+00 9.158031304D+00 9.454357948D+00 9.752127358D+00
 1.005065266D+01 1.034919806D+01 1.064697940D+01 1.094316526D+01 1.123687852D+01
 1.152719852D+01 1.181316381D+01 1.209377561D+01 1.236800196D+01 1.263478254D+01
 1.289303438D+01 1.314165826D+01 1.337954604D+01 1.360558874D+01 1.381868549D+01
 1.401775331D+01 1.420173770D+01 1.436962396D+01 1.452044927D+01 1.465331534D+01
 1.476740171D+01 1.486197937D+01 1.493642479D+01 1.499023399D+01 1.502303668D+01
 1.503461012D+01 1.502489249D+01 1.499399573D+01 1.494221718D+01 1.487005026D+01
 1.477819340D+01 1.466755731D+01 1.453927004D+01 1.439467967D+01 1.423535418D+01
 1.406307844D+01 1.387984777D+01 1.368785808D+01 1.348949228D+01 1.328730274D+01
 1.308398986D+01 1.288237661D+01 1.268537899D+01 1.249597278D+01 1.231715649D+01
 1.215191099D+01 1.200315614D+01 1.187370487D+01 1.176621541D+01 1.168314216D+01
 1.162668618D+01 1.159874595D+01 1.160086948D+01 1.163420868D+01 1.169947701D+01
 1.179691145D+01 1.192623998D+01 1.208665542D+01 1.227679673D+01 1.249473878D+01
 1.273799117D+01 1.300350717D+01 1.328770296D+01 1.358648787D+01 1.389530560D+01
 1.420918649D+01 1.452281048D+01 1.483058031D+01 1.512670409D+01 1.540528633D+01
 1.566042589D+01 1.588631953D+01 1.607736917D+01 1.622829084D+01 1.633422319D+01
 1.639083338D+01 1.639441776D+01 1.634199498D+01 1.623138924D+01 1.606130110D+01
 1.583136380D+01 1.554218298D+01 1.519535797D+01 1.479348339D+01 1.434012963D+01
 1.383980189D+01 1.329787742D+01 1.272052149D+01 1.211458294D+01 1.148747087D+01
 1.084701474D+01 1.020131042D+01 9.558555729D+00 8.926879125D+00 8.314165815D+00
 7.727885873D+00 7.174929066D+00 6.661451157D+00 6.192736310D+00 5.773079873D+00
 5.405695320D+00 5.092648431D+00 4.834820977D+00 4.631905219D+00 4.482429546D+00
 4.383814555D+00 4.332457906D+00 4.323845373D+00 4.352684715D+00 4.413058246D+00
 4.498589464D+00 4.602618560D+00 4.718381421D+00 4.839186554D+00 4.958584487D+00
 5.070524485D+00 5.169493929D+00 5.250636433D+00 5.309845615D+00 5.343832461D+00
 5.350165118D+00 5.327281977D+00 5.274477474D+00 5.191864341D+00 5.080314243D+00
 4.941380402D+00 4.777206058D+00 4.590422858D+00 4.384043267D+00 4.161351014D+00
 3.925793229D+00 3.680877573D+00 3.430077147D+00 3.176745394D+00 2.924042677D+00
 2.674875607D+00 2.431849656D+00 2.197235123D+00 1.972946022D+00 1.760531137D+00
 1.561176161D+00 1.375715593D+00 1.204652927D+00 1.048187543D+00 9.062467108D-01
 7.785210871D-01 6.645022078D-01 5.635205486D-01 4.747828930D-01 3.974079121D-01
 3.304590563D-01 2.729740662D-01 2.239906260D-01 1.825678917D-01 1.478038299D-01
 1.188484786D-01 9.491338891D-02 7.527761704D-02 5.929070892D-02 4.637315479D-02
 3.601479800D-02 2.777166328D-02 2.126163562D-02 1.615937058D-02 1.219075572D-02
 9.127233321D-03
SUMEC
 0.000000000D+00 0.000000000D+00
EC
-4.708932814D+02-5.411614032D+01-5.931299474D+00-4.583599509D+01-3.661492600D+00
EC
-4.708924417D+02-5.400529301D+01-5.690732625D+00-4.575005112D+01-3.428130623D+00
POT:
  331    2     0.03000     2.83154
 1.729859721D+02 1.733478032D+02 1.737264541D+02 1.739499196D+02 1.741111943D+02
 1.742410539D+02 1.743489251D+02 1.744419951D+02 1.745242528D+02 1.745982966D+02
 1.746659035D+02 1.747283409D+02 1.747865447D+02 1.748412260D+02 1.748929379D+02
 1.749421195D+02 1.749891253D+02 1.750342459D+02 1.750777226D+02 1.751197582D+02
 1.751605249D+02 1.752001704D+02 1.752388222D+02 1.752765918D+02 1.753135767D+02
 1.753498635D+02 1.753855289D+02 1.754206419D+02 1.754552642D+02 1.754894520D+02
 1.755232563D+02 1.755567236D+02 1.755898968D+02 1.756228153D+02 1.756555156D+02
 1.756880319D+02 1.757203958D+02 1.757526371D+02 1.757847838D+02 1.758168623D+02
 1.758488978D+02 1.758809139D+02 1.759129334D+02 1.759449780D+02 1.759770685D+02
 1.760092248D+02 1.760414663D+02 1.760738117D+02 1.761062788D+02 1.761388853D+02
 1.761716481D+02 1.762045840D+02 1.762377090D+02 1.762710389D+02 1.763045894D+02
 1.763383755D+02 1.763724121D+02 1.764067140D+02 1.764412954D+02 1.764761704D+02
 1.765113531D+02 1.765468571D+02 1.765826959D+02 1.766188827D+02 1.766554306D+02
 1.766923525D+02 1.767296610D+02 1.767673686D+02 1.768054873D+02 1.768440293D+02
 1.768830062D+02 1.769224294D+02 1.769623102D+02 1.770026594D+02 1.770434875D+02
 1.770848049D+02 1.771266212D+02 1.771689460D+02 1.772117882D+02 1.772551564D+02
 1.772990587D+02 1.773435026D+02 1.773884949D+02 1.774340420D+02 1.774801494D+02
 1.775268220D+02 1.775740638D+02 1.776218781D+02 1.776702671D+02 1.777192321D+02
 1.777687733D+02 1.778188899D+02 1.778695797D+02 1.779208391D+02 1.779726634D+02
 1.780250461D+02 1.780779793D+02 1.781314533D+02 1.781854565D+02 1.782399755D+02
 1.782949946D+02 1.783504962D+02 1.784064600D+02 1.784628636D+02 1.785196815D+02
 1.785768857D+02 1.786344452D+02 1.786923257D+02 1.787504899D+02 1.788088965D+02
 1.788675008D+02 1.789262542D+02 1.789851039D+02 1.790439928D+02 1.791028591D+02
 1.791616363D+02 1.792202530D+02 1.792786322D+02 1.793366916D+02 1.793943431D+02
 1.794514924D+02 1.795080389D+02 1.795638756D+02 1.796188883D+02 1.796729558D+02
 1.797259495D+02 1.797777328D+02 1.798281613D+02 1.798770821D+02 1.799243339D+02
 1.799697462D+02 1.800131395D+02 1.800543248D+02 1.800931033D+02 1.801292661D+02
 1.801625944D+02 1.801928584D+02 1.802198179D+02 1.802432218D+02 1.802628078D+02
 1.802783021D+02 1.802894200D+02 1.802958648D+02 1.802973286D+02 1.802934916D+02
 1.802840226D+02 1.802685787D+02 1.802468058D+02 1.802183381D+02 1.801827992D+02
 1.801398014D+02 1.800889470D+02 1.800298278D+02 1.799620262D+02 1.798851156D+02
 1.797986610D+02 1.797022195D+02 1.795953415D+02 1.794775715D+02 1.793484486D+02
 1.792075085D+02 1.790542838D+02 1.788883057D+02 1.787091055D+02 1.785162157D+02
 1.783091718D+02 1.780875138D+02 1.778507881D+02 1.775985492D+02 1.773303617D+02
 1.770458020D+02 1.767444603D+02 1.764259431D+02 1.760898746D+02 1.757358991D+02
 1.753636830D+02 1.749729166D+02 1.745633161D+02 1.741346257D+02 1.736866189D+02
 1.732191001D+02 1.727319062D+02 1.722249078D+02 1.716980095D+02 1.711511512D+02
 1.705843081D+02 1.699974902D+02 1.693907427D+02 1.687641440D+02 1.681178051D+02
 1.674518672D+02 1.667664996D+02 1.660618963D+02 1.653382730D+02 1.645958626D+02
 1.638349112D+02 1.630556725D+02 1.622584030D+02 1.614433559D+02 1.606107759D+02
 1.597608927D+02 1.588939162D+02 1.580100306D+02 1.571093909D+02 1.561921187D+02
 1.552583010D+02 1.543079897D+02 1.533412034D+02 1.523579319D+02 1.513581428D+02
 1.503417908D+02 1.493088299D+02 1.482592269D+02 1.471929767D+02 1.461101184D+02
 1.450107501D+02 1.438950423D+02 1.427632472D+02 1.416157048D+02 1.404528417D+02
 1.392751661D+02 1.380832552D+02 1.368777392D+02 1.356592804D+02 1.344285506D+02
 1.331862081D+02 1.319328763D+02 1.306691247D+02 1.293954550D+02 1.281122910D+02
 1.268199751D+02 1.255187695D+02 1.242088618D+02 1.228903762D+02 1.215633874D+02
 1.202279368D+02 1.188840517D+02 1.175317642D+02 1.161711304D+02 1.148022495D+02
 1.134252805D+02 1.120404576D+02 1.106481025D+02 1.092486340D+02 1.078425742D+02
 1.064305509D+02 1.050132966D+02 1.035916430D+02 1.021665121D+02 1.007389032D+02
 9.930987695D+01 9.788053482D+01 9.645199718D+01 9.502537823D+01 9.360175983D+01
 9.218216482D+01 9.076753116D+01 8.935868853D+01 8.795633908D+01 8.656104485D+01
 8.517322387D+01 8.379315756D+01 8.242101094D+01 8.105686651D+01 7.970077013D+01
 7.835278505D+01 7.701304704D+01 7.568181151D+01 7.435948308D+01 7.304662040D+01
 7.174391351D+01 7.045213715D+01 6.917208861D+01 6.790452132D+01 6.665008527D+01
 6.540928221D+01 6.418243956D+01 6.296970335D+01 6.177104744D+01 6.058629508D+01
 5.941514843D+01 5.825722215D+01 5.711207773D+01 5.597925624D+01 5.485830781D+01
 5.374881689D+01 5.265042257D+01 5.156283405D+01 5.048584114D+01 4.941932018D+01
 4.836323570D+01 4.731763843D+01 4.628266010D+01 4.525850561D+01 4.424544322D+01
 4.324379326D+01 4.225391582D+01 4.127619811D+01 4.031104176D+01 3.935885046D+01
 3.842001842D+01 3.749491980D+01 3.658389935D+01 3.568726449D+01 3.480527886D+01
 3.393815755D+01 3.308606391D+01 3.224910802D+01 3.142734679D+01 3.062078567D+01
 2.982938170D+01 2.905304797D+01 2.829165905D+01 2.754505718D+01 2.681305872D+01
 2.609546043D+01 2.539204494D+01 2.470258502D+01 2.402684617D+01 2.336458739D+01
 2.271556033D+01 2.207950695D+01 2.145615655D+01 2.084522245D+01 2.024639913D+01
 1.965936020D+01 1.908375737D+01 1.851922068D+01 1.796535973D+01 1.742176654D+01
 1.688801868D+01
 1.729851987D+02 1.733470357D+02 1.737256928D+02 1.739491619D+02 1.741104391D+02
 1.742403009D+02 1.743481738D+02 1.744412453D+02 1.745235043D+02 1.745975492D+02
 1.746651572D+02 1.747275956D+02 1.747858004D+02 1.748404825D+02 1.748921953D+02
 1.749413777D+02 1.749883842D+02 1.750335055D+02 1.750769829D+02 1.751190191D+02
 1.751597865D+02 1.751994325D+02 1.752380850D+02 1.752758551D+02 1.753128406D+02
 1.753491279D+02 1.753847939D+02 1.754199074D+02 1.754545303D+02 1.754887186D+02
 1.755225234D+02 1.755559912D+02 1.755891649D+02 1.756220838D+02 1.756547847D+02
 1.756873014D+02 1.757196658D+02 1.757519076D+02 1.757840548D+02 1.758161338D+02
 1.758481697D+02 1.758801863D+02 1.759122063D+02 1.759442514D+02 1.759763424D+02
 1.760084992D+02 1.760407412D+02 1.760730870D+02 1.761055546D+02 1.761381616D+02
 1.761709249D+02 1.762038613D+02 1.762369868D+02 1.762703172D+02 1.763038682D+02
 1.763376548D+02 1.763716920D+02 1.764059943D+02 1.764405763D+02 1.764754519D+02
 1.765106351D+02 1.765461396D+02 1.765819790D+02 1.766181663D+02 1.766547149D+02
 1.766916373D+02 1.767289464D+02 1.767666546D+02 1.768047740D+02 1.768433166D+02
 1.768822941D+02 1.769217180D+02 1.769615994D+02 1.770019493D+02 1.770427781D+02
 1.770840961D+02 1.771259131D+02 1.771682386D+02 1.772110816D+02 1.772544506D+02
 1.772983537D+02 1.773427983D+02 1.773877914D+02 1.774333393D+02 1.774794475D+02
 1.775261209D+02 1.775733636D+02 1.776211788D+02 1.776695687D+02 1.777185346D+02
 1.777680768D+02 1.778181943D+02 1.778688851D+02 1.779201455D+02 1.779719708D+02
 1.780243546D+02 1.780772889D+02 1.781307639D+02 1.781847683D+02 1.782392884D+02
 1.782943087D+02 1.783498114D+02 1.784057765D+02 1.784621813D+02 1.785190005D+02
 1.785762060D+02 1.786337668D+02 1.786916488D+02 1.787498143D+02 1.788082223D+02
 1.788668281D+02 1.789255830D+02 1.789844343D+02 1.790433247D+02 1.791021926D+02
 1.791609714D+02 1.792195898D+02 1.792779707D+02 1.793360318D+02 1.793936851D+02
 1.794508362D+02 1.795073846D+02 1.795632232D+02 1.796182379D+02 1.796723074D+02
 1.797253030D+02 1.797770884D+02 1.798275190D+02 1.798764420D+02 1.799236960D+02
 1.799691105D+02 1.800125061D+02 1.800536938D+02 1.800924746D+02 1.801286399D+02
 1.801619706D+02 1.801922371D+02 1.802191993D+02 1.802426058D+02 1.802621943D+02
 1.802776914D+02 1.802888120D+02 1.802952596D+02 1.802967262D+02 1.802928921D+02
 1.802834260D+02 1.802679850D+02 1.802462151D+02 1.802177504D+02 1.801822145D+02
 1.801392198D+02 1.800883685D+02 1.800292524D+02 1.799614540D+02 1.798845465D+02
 1.797980951D+02 1.797016567D+02 1.795947820D+02 1.794770150D+02 1.793478953D+02
 1.792069584D+02 1.790537367D+02 1.788877618D+02 1.787085646D+02 1.785156778D+02
 1.783086368D+02 1.780869817D+02 1.778502588D+02 1.775980226D+02 1.773298376D+02
 1.770452803D+02 1.767439410D+02 1.764254260D+02 1.760893595D+02 1.757353858D+02
 1.753631713D+02 1.749724063D+02 1.745628071D+02 1.741341176D+02 1.736861115D+02
 1.732185932D+02 1.727313995D+02 1.722244009D+02 1.716975022D+02 1.711506432D+02
 1.705837990D+02 1.699969800D+02 1.693902309D+02 1.687636304D+02 1.681172896D+02
 1.674513497D+02 1.667659800D+02 1.660613748D+02 1.653377497D+02 1.645953381D+02
 1.638343860D+02 1.630551475D+02 1.622578794D+02 1.614428356D+02 1.606102608D+02
 1.597603858D+02 1.588934207D+02 1.580095510D+02 1.571089323D+02 1.561916876D+02
 1.552579050D+02 1.543076380D+02 1.533409069D+02 1.523577033D+02 1.513579969D+02
 1.503417448D+02 1.493089032D+02 1.482594416D+02 1.471933577D+02 1.461106933D+02
 1.450115494D+02 1.438960992D+02 1.427645979D+02 1.416173879D+02 1.404548987D+02
 1.392776409D+02 1.380861944D+02 1.368811918D+02 1.356632980D+02 1.344331875D+02
 1.331915217D+02 1.319389272D+02 1.306759775D+02 1.294031783D+02 1.281209585D+02
 1.268296664D+02 1.255295702D+02 1.242208654D+02 1.229036845D+02 1.215781116D+02
 1.202441991D+02 1.189019865D+02 1.175515193D+02 1.161928693D+02 1.148261527D+02
 1.134515480D+02 1.120693107D+02 1.106797867D+02 1.092834217D+02 1.078807678D+02
 1.064724863D+02 1.050593466D+02 1.036422216D+02 1.022220786D+02 1.007999667D+02
 9.937700024D+01 9.795433909D+01 9.653316525D+01 9.511465703D+01 9.369996101D+01
 9.229016252D+01 9.088625573D+01 8.948911444D+01 8.809946536D+01 8.671786574D+01
 8.534468809D+01 8.398011487D+01 8.262414663D+01 8.127662661D+01 7.993728386D+01
 7.860579459D+01 7.728185761D+01 7.596527506D+01 7.465602549D+01 7.335431421D+01
 7.206058877D+01 7.077551382D+01 6.949990998D+01 6.823466934D+01 6.698066500D+01
 6.573867100D+01 6.450930377D+01 6.329298970D+01 6.208995756D+01 6.090025127D+01
 5.972375666D+01 5.856023638D+01 5.740936782D+01 5.627078054D+01 5.514409048D+01
 5.402892963D+01 5.292497021D+01 5.183194331D+01 5.074965198D+01 4.967797908D+01
 4.861689049D+01 4.756643419D+01 4.652673580D+01 4.549799127D+01 4.448045734D+01
 4.347444032D+01 4.248028378D+01 4.149835569D+01 4.052903548D+01 3.957270140D+01
 3.862971855D+01 3.770042793D+01 3.678513676D+01 3.588411025D+01 3.499756518D+01
 3.412566527D+01 3.326851877D+01 3.242617834D+01 3.159864343D+01 3.078586523D+01
 2.998775426D+01 2.920419021D+01 2.843503332D+01 2.768013624D+01 2.693935477D+01
 2.621255576D+01 2.549962072D+01 2.480044448D+01 2.411492911D+01 2.344297440D+01
 2.278446687D+01 2.213926909D+01 2.150721092D+01 2.088808358D+01 2.028163663D+01
 1.968757785D+01 1.910557525D+01 1.853526092D+01 1.797623582D+01 1.742807600D+01
 1.689033850D+01

PPAR:  Mn2   VES= -0.003120
 L       ENU        C       +/-DEL   1/SQRT(P)     GAMMA      ALPHA
 0 -0.4562192 -0.3342212 -0.1703345  4.3234130  0.4474002  0.4474002
 1 -0.3280037  0.5723278  0.1728314  5.7225351  0.1307964  0.1307964
 2 -0.2222346 -0.1992494  0.0157509  0.6967588 -0.0026049 -0.0026049
 0 -0.4434964 -0.2648418 -0.1753286  4.5483629  0.4498872  0.4498872
 1 -0.3090819  0.6494603  0.1780972  5.9054300  0.1322592  0.1322592
 2 -0.2232820  0.0196177  0.0238234  0.9363423  0.0129931  0.0129931
