GENERAL: LMX=2  NSPIN=2   WSR= 2.576304  REL=T  NR=333  A=.030
   Z=28  QC=18  QTOT=-0.084636

 SPIN 1:

 ETOT  =  -1524.3984508  EKIN =    1545.6773276  UTOT =  -3070.0794761
 EMAD  =      0.0036976  SUMEC=    -879.1929552  SUMEV=     -1.2052119
 RHOV  =  -2426.0754947  UNUCL=   -3671.2567880  UELEC=    663.1611305
 RHOEPS=    -61.9838186  REPSNL=      0.0000000  RHOMU=    -82.0248861
 RMUNL =      0.0000000

 SPIN 2:

 ETOT  =  -1513.2308425  EKIN =    1538.1486674  UTOT =  -3051.3731630
 EMAD  =     -0.0063469  SUMEC=    -879.0192118  SUMEV=     -1.0827250
 RHOV  =  -2418.2506042  UNUCL=   -3641.9464948  UELEC=    651.7828920
 RHOEPS=    -61.2095602  REPSNL=      0.0000000  RHOMU=    -80.7337161
 RMUNL =      0.0000000

 ETOT  =  -3037.6292933  EKIN =    3083.8259950  UTOT =  -6121.4526391
 EMAD  =     -0.0026492  SUMEC=   -1758.2121670  SUMEV=     -2.2879369
 RHOV  =  -4844.3260988  UNUCL=   -7313.2032828  UELEC=   1314.9440226
 RHOEPS=   -123.1933788  REPSNL=      0.0000000  RHOMU=   -162.7586021
 RMUNL =      0.0000000

MOMNTS:  Ni    VRMAX= -0.779498
 L      PL         Q0         Q1         Q2   IDMOD     DL
 0  4.6688513  0.2849382 -0.0087144  0.0099829  0  -0.5865378
 1  4.4053849  0.3285500 -0.0008721  0.0091412  0   0.3063170
 2  3.8667746  4.5046458  0.0193386  0.0326981  0  -2.2480873
 0  4.6867464  0.3026273 -0.0072971  0.0117760  0  -0.6647594
 1  4.4203120  0.3396528  0.0020831  0.0102342  0   0.2557120
 2  3.8453492  4.1549496  0.0162335  0.0231899  0  -1.8936922
COR:
  333    2     0.03000   10
 0.000000000D+00 1.913554275D-06 7.656827968D-06 1.744676966D-05 3.157014952D-05
 5.034327326D-05 7.412513593D-05 1.032988439D-04 1.382781739D-04 1.795071286D-04
 2.274612319D-04 2.826490557D-04 3.456139487D-04 4.169359538D-04 4.972338971D-04
 5.871676406D-04 6.874404965D-04 7.988018047D-04 9.220496774D-04 1.058033917D-03
 1.207659116D-03 1.371887940D-03 1.551744617D-03 1.748318624D-03 1.962768601D-03
 2.196326491D-03 2.450301918D-03 2.726086829D-03 3.025160397D-03 3.349094207D-03
 3.699557747D-03 4.078324210D-03 4.487276619D-03 4.928414319D-03 5.403859818D-03
 5.915866024D-03 6.466823894D-03 7.059270502D-03 7.695897564D-03 8.379560440D-03
 9.113287632D-03 9.900290808D-03 1.074397538D-02 1.164795168D-02 1.261604668D-02
 1.365231646D-02 1.476105927D-02 1.594682929D-02 1.721445119D-02 1.856903543D-02
 2.001599439D-02 2.156105931D-02 2.321029817D-02 2.497013453D-02 2.684736724D-02
 2.884919129D-02 3.098321966D-02 3.325750630D-02 3.568057031D-02 3.826142127D-02
 4.100958586D-02 4.393513588D-02 4.704871747D-02 5.036158195D-02 5.388561797D-02
 5.763338535D-02 6.161815039D-02 6.585392292D-02 7.035549500D-02 7.513848146D-02
 8.021936217D-02 8.561552629D-02 9.134531836D-02 9.742808648D-02 1.038842325D-01
 1.107352641D-01 1.180038496D-01 1.257138741D-01 1.338904987D-01 1.425602211D-01
 1.517509396D-01 1.614920180D-01 1.718143544D-01 1.827504508D-01 1.943344862D-01
 2.066023913D-01 2.195919259D-01 2.333427581D-01 2.478965463D-01 2.632970224D-01
 2.795900782D-01 2.968238523D-01 3.150488199D-01 3.343178836D-01 3.546864656D-01
 3.762126013D-01 3.989570334D-01 4.229833071D-01 4.483578647D-01 4.751501413D-01
 5.034326583D-01 5.332811177D-01 5.647744927D-01 5.979951181D-01 6.330287761D-01
 6.699647797D-01 7.088960508D-01 7.499191936D-01 7.931345611D-01 8.386463143D-01
 8.865624737D-01 9.369949594D-01 9.900596214D-01 1.045876257D+00 1.104568612D+00
 1.166264371D+00 1.231095122D+00 1.299196310D+00 1.370707162D+00 1.445770589D+00
 1.524533070D+00 1.607144489D+00 1.693757963D+00 1.784529617D+00 1.879618330D+00
 1.979185443D+00 2.083394419D+00 2.192410458D+00 2.306400061D+00 2.425530547D+00
 2.549969502D+00 2.679884181D+00 2.815440834D+00 2.956803975D+00 3.104135573D+00
 3.257594175D+00 3.417333948D+00 3.583503642D+00 3.756245471D+00 3.935693909D+00
 4.121974398D+00 4.315201970D+00 4.515479771D+00 4.722897512D+00 4.937529811D+00
 5.159434460D+00 5.388650604D+00 5.625196835D+00 5.869069207D+00 6.120239190D+00
 6.378651549D+00 6.644222170D+00 6.916835852D+00 7.196344062D+00 7.482562672D+00
 7.775269710D+00 8.074203126D+00 8.379058604D+00 8.689487453D+00 9.005094586D+00
 9.325436640D+00 9.650020250D+00 9.978300534D+00 1.030967981D+01 1.064350660D+01
 1.097907495D+01 1.131562416D+01 1.165233888D+01 1.198834971D+01 1.232273436D+01
 1.265451933D+01 1.298268227D+01 1.330615497D+01 1.362382713D+01 1.393455094D+01
 1.423714637D+01 1.453040747D+01 1.481310945D+01 1.508401675D+01 1.534189204D+01
 1.558550611D+01 1.581364875D+01 1.602514052D+01 1.621884537D+01 1.639368411D+01
 1.654864856D+01 1.668281637D+01 1.679536633D+01 1.688559407D+01 1.695292793D+01
 1.699694483D+01 1.701738590D+01 1.701417169D+01 1.698741658D+01 1.693744219D+01
 1.686478944D+01 1.677022890D+01 1.665476919D+01 1.651966295D+01 1.636641012D+01
 1.619675819D+01 1.601269902D+01 1.581646196D+01 1.561050305D+01 1.539748988D+01
 1.518028219D+01 1.496190783D+01 1.474553410D+01 1.453443464D+01 1.433195173D+01
 1.414145437D+01 1.396629247D+01 1.380974745D+01 1.367497992D+01 1.356497498D+01
 1.348248602D+01 1.342997782D+01 1.340956988D+01 1.342298119D+01 1.347147747D+01
 1.355582207D+01 1.367623184D+01 1.383233917D+01 1.402316144D+01 1.424707906D+01
 1.450182331D+01 1.478447480D+01 1.509147364D+01 1.541864187D+01 1.576121869D+01
 1.611390877D+01 1.647094356D+01 1.682615540D+01 1.717306373D+01 1.750497260D+01
 1.781507816D+01 1.809658455D+01 1.834282649D+01 1.854739621D+01 1.870427244D+01
 1.880794888D+01 1.885355909D+01 1.883699529D+01 1.875501763D+01 1.860535119D+01
 1.838676780D+01 1.809914990D+01 1.774353386D+01 1.732213083D+01 1.683832296D+01
 1.629663412D+01 1.570267421D+01 1.506305700D+01 1.438529223D+01 1.367765329D+01
 1.294902259D+01 1.220871755D+01 1.146630085D+01 1.073137926D+01 1.001339592D+01
 9.321421538D+00 8.663950186D+00 8.048705527D+00 7.482463352D+00 6.970895899D+00
 6.518442987D+00 6.128214271D+00 5.801926008D+00 5.539874638D+00 5.340948360D+00
 5.202676584D+00 5.121315953D+00 5.091970393D+00 5.108741517D+00 5.164904692D+00
 5.253105174D+00 5.365568038D+00 5.494315100D+00 5.631381814D+00 5.769027148D+00
 5.899929768D+00 6.017364438D+00 6.115353452D+00 6.188788938D+00 6.233523161D+00
 6.246425088D+00 6.225403966D+00 6.169399059D+00 6.078339891D+00 5.953079289D+00
 5.795303587D+00 5.607424696D+00 5.392459086D+00 5.153898779D+00 4.895579328D+00
 4.621549384D+00 4.335945980D+00 4.042879013D+00 3.746327750D+00 3.450051414D+00
 3.157515232D+00 2.871832601D+00 2.595723415D+00 2.331488041D+00 2.080995963D+00
 1.845687732D+00 1.626588595D+00 1.424331972D+00 1.239190861D+00 1.071115225D+00
 9.197734502D-01 7.845960921D-01 6.648202559D-01 5.595331667D-01 4.677136935D-01
 3.882708276D-01 3.200783559D-01 2.620052053D-01 2.129411605D-01 1.718178620D-01
 1.376251720D-01 1.094231504D-01 8.634999882D-02 6.762642284D-02 5.255691354D-02
 4.052847845D-02 3.100734872D-02 2.353416754D-02 1.771812382D-02 1.323044425D-02
 9.797597055D-03 7.194475584D-03 5.237841949D-03
 0.000000000D+00 1.913571911D-06 7.656898533D-06 1.744693045D-05 3.157044047D-05
 5.034373722D-05 7.412581908D-05 1.032997959D-04 1.382794483D-04 1.795087829D-04
 2.274633282D-04 2.826516607D-04 3.456171340D-04 4.169397964D-04 4.972384797D-04
 5.871730521D-04 6.874468322D-04 7.988091668D-04 9.220581754D-04 1.058043669D-03
 1.207670247D-03 1.371900585D-03 1.551758919D-03 1.748334737D-03 1.962786691D-03
 2.196346734D-03 2.450324502D-03 2.726111956D-03 3.025188280D-03 3.349125076D-03
 3.699591847D-03 4.078361801D-03 4.487317981D-03 4.928459747D-03 5.403909628D-03
 5.915920555D-03 6.466883504D-03 7.059335574D-03 7.695968505D-03 8.379637684D-03
 9.113371640D-03 9.900382072D-03 1.074407443D-02 1.164805905D-02 1.261616298D-02
 1.365244232D-02 1.476119535D-02 1.594697630D-02 1.721460989D-02 1.856920662D-02
 2.001617892D-02 2.156125808D-02 2.321051216D-02 2.497036474D-02 2.684761476D-02
 2.884945727D-02 3.098350532D-02 3.325781293D-02 3.568089928D-02 3.826177404D-02
 4.100996398D-02 4.393554097D-02 4.704915127D-02 5.036204630D-02 5.388611482D-02
 5.763391675D-02 6.161871854D-02 6.585453012D-02 7.035614372D-02 7.513917428D-02
 8.022010184D-02 8.561631571D-02 9.134616061D-02 9.742898482D-02 1.038851903D-01
 1.107362851D-01 1.180049377D-01 1.257150333D-01 1.338917332D-01 1.425615356D-01
 1.517523388D-01 1.614935070D-01 1.718159386D-01 1.827521358D-01 1.943362779D-01
 2.066042961D-01 2.195939504D-01 2.333449093D-01 2.478988316D-01 2.632994497D-01
 2.795926556D-01 2.968265885D-01 3.150517240D-01 3.343209652D-01 3.546897349D-01
 3.762160688D-01 3.989607104D-01 4.229872053D-01 4.483619966D-01 4.751545198D-01
 5.034372973D-01 5.332860313D-01 5.647796962D-01 5.980006272D-01 6.330346076D-01
 6.699709509D-01 7.089025801D-01 7.499261001D-01 7.931418649D-01 8.386540365D-01
 8.865706361D-01 9.370035852D-01 9.900687346D-01 1.045885883D+00 1.104578777D+00
 1.166275102D+00 1.231106448D+00 1.299208260D+00 1.370719767D+00 1.445783883D+00
 1.524547085D+00 1.607159261D+00 1.693773528D+00 1.784546012D+00 1.879635594D+00
 1.979203618D+00 2.083413546D+00 2.192430579D+00 2.306421223D+00 2.425552795D+00
 2.549992884D+00 2.679908745D+00 2.815466631D+00 2.956831057D+00 3.104163993D+00
 3.257623987D+00 3.417365208D+00 3.583536406D+00 3.756279798D+00 3.935729857D+00
 4.122012026D+00 4.315241338D+00 4.515520941D+00 4.722940545D+00 4.937574768D+00
 5.159481404D+00 5.388699596D+00 5.625247935D+00 5.869122478D+00 6.120294691D+00
 6.378709338D+00 6.644282305D+00 6.916898389D+00 7.196409054D+00 7.482630171D+00
 7.775339764D+00 8.074275780D+00 8.379133900D+00 8.689565428D+00 9.005175273D+00
 9.325520067D+00 9.650106440D+00 9.978389504D+00 1.030977157D+01 1.064360116D+01
 1.097917230D+01 1.131572429D+01 1.165244176D+01 1.198845533D+01 1.232284268D+01
 1.265463031D+01 1.298279585D+01 1.330627108D+01 1.362394572D+01 1.393467191D+01
 1.423726964D+01 1.453053293D+01 1.481323701D+01 1.508414629D+01 1.534202344D+01
 1.558563925D+01 1.581378349D+01 1.602527674D+01 1.621898294D+01 1.639382290D+01
 1.654878844D+01 1.668295722D+01 1.679550804D+01 1.688573655D+01 1.695307110D+01
 1.699708862D+01 1.701753028D+01 1.701431664D+01 1.698756214D+01 1.693758842D+01
 1.686493645D+01 1.677037685D+01 1.665491829D+01 1.651981346D+01 1.636656239D+01
 1.619691261D+01 1.601285608D+01 1.581662221D+01 1.561066713D+01 1.539765852D+01
 1.518045620D+01 1.496208810D+01 1.474572164D+01 1.453463051D+01 1.433215710D+01
 1.414167047D+01 1.396652061D+01 1.380998901D+01 1.367523631D+01 1.356524766D+01
 1.348277648D+01 1.343028752D+01 1.340990027D+01 1.342333368D+01 1.347185339D+01
 1.355622263D+01 1.367665811D+01 1.383279206D+01 1.402364161D+01 1.424758695D+01
 1.450235904D+01 1.478503816D+01 1.509206405D+01 1.541925833D+01 1.576185976D+01
 1.611457251D+01 1.647162752D+01 1.682685660D+01 1.717377862D+01 1.750569709D+01
 1.781580757D+01 1.809731366D+01 1.834354951D+01 1.854810683D+01 1.870496389D+01
 1.880861392D+01 1.885419010D+01 1.883758434D+01 1.875555648D+01 1.860583144D+01
 1.838718091D+01 1.809948728D+01 1.774378690D+01 1.732229100D+01 1.683838182D+01
 1.629658335D+01 1.570250560D+01 1.506276242D+01 1.438486361D+01 1.367708250D+01
 1.294830134D+01 1.220783723D+01 1.146525238D+01 1.073015287D+01 1.001198097D+01
 9.319806313D+00 8.662121727D+00 8.046649509D+00 7.480164039D+00 6.968336207D+00
 6.515604687D+00 6.125078365D+00 5.798473290D+00 5.536086472D+00 5.336807645D+00
 5.198168903D+00 5.116430844D+00 5.086702685D+00 5.103092645D+00 5.158883903D+00
 5.246730538D+00 5.358867171D+00 5.487325549D+00 5.624151043D+00 5.761612110D+00
 5.892396051D+00 6.009785030D+00 6.107807139D+00 6.181358428D+00 6.226292993D+00
 6.239479416D+00 6.218824311D+00 6.163262117D+00 6.072715489D+00 5.948028558D+00
 5.790877423D+00 5.603662557D+00 5.389388160D+00 5.151533539D+00 4.893921478D+00
 4.620588179D+00 4.335658890D+00 4.043232697D+00 3.747279283D+00 3.451549717D+00
 3.159502652D+00 2.874246563D+00 2.598498115D+00 2.334556104D+00 2.084290026D+00
 1.849141916D+00 1.630139823D+00 1.427921112D+00 1.242763675D+00 1.074623115D+00
 9.231739942D-01 7.878533789D-01 6.679050245D-01 5.624227649D-01 4.703918723D-01
 3.907273925D-01 3.223086967D-01 2.640097289D-01 2.147246511D-01 1.733887938D-01
 1.389950001D-01 1.106056023D-01 8.736039125D-02 6.848102229D-02 5.327235840D-02
 4.112127562D-02 3.149345359D-02 2.392865143D-02 1.803492881D-02 1.348222093D-02
 9.995617630D-03 7.348612182D-03 5.356598648D-03
SUMEC
 0.000000000D+00 0.000000000D+00
EC
-6.016388741D+02-7.144225459D+01-7.588921423D+00-6.146365351D+01-4.710653597D+00
EC
-6.016388311D+02-7.142528592D+01-7.558674962D+00-6.145060829D+01-4.681536594D+00
POT:
  333    2     0.03000     2.57630
 2.050407643D+02 2.055631739D+02 2.061120123D+02 2.064353941D+02 2.066679953D+02
 2.068541447D+02 2.070085476D+02 2.071414619D+02 2.072586838D+02 2.073639785D+02
 2.074599189D+02 2.075483389D+02 2.076305922D+02 2.077077064D+02 2.077804807D+02
 2.078495489D+02 2.079154223D+02 2.079785197D+02 2.080391884D+02 2.080977201D+02
 2.081543623D+02 2.082093266D+02 2.082627959D+02 2.083149294D+02 2.083658664D+02
 2.084157300D+02 2.084646295D+02 2.085126623D+02 2.085599161D+02 2.086064697D+02
 2.086523950D+02 2.086977571D+02 2.087426157D+02 2.087870257D+02 2.088310378D+02
 2.088746988D+02 2.089180523D+02 2.089611390D+02 2.090039969D+02 2.090466619D+02
 2.090891676D+02 2.091315460D+02 2.091738272D+02 2.092160400D+02 2.092582118D+02
 2.093003688D+02 2.093425362D+02 2.093847380D+02 2.094269977D+02 2.094693375D+02
 2.095117792D+02 2.095543440D+02 2.095970521D+02 2.096399235D+02 2.096829776D+02
 2.097262331D+02 2.097697087D+02 2.098134222D+02 2.098573914D+02 2.099016336D+02
 2.099461656D+02 2.099910041D+02 2.100361655D+02 2.100816656D+02 2.101275203D+02
 2.101737450D+02 2.102203547D+02 2.102673644D+02 2.103147885D+02 2.103626413D+02
 2.104109366D+02 2.104596882D+02 2.105089092D+02 2.105586126D+02 2.106088109D+02
 2.106595161D+02 2.107107400D+02 2.107624938D+02 2.108147883D+02 2.108676337D+02
 2.109210396D+02 2.109750152D+02 2.110295688D+02 2.110847082D+02 2.111404404D+02
 2.111967715D+02 2.112537068D+02 2.113112508D+02 2.113694068D+02 2.114281772D+02
 2.114875631D+02 2.115475645D+02 2.116081800D+02 2.116694068D+02 2.117312407D+02
 2.117936758D+02 2.118567044D+02 2.119203171D+02 2.119845026D+02 2.120492473D+02
 2.121145354D+02 2.121803491D+02 2.122466676D+02 2.123134678D+02 2.123807235D+02
 2.124484057D+02 2.125164822D+02 2.125849174D+02 2.126536720D+02 2.127227032D+02
 2.127919641D+02 2.128614036D+02 2.129309663D+02 2.130005919D+02 2.130702156D+02
 2.131397670D+02 2.132091707D+02 2.132783453D+02 2.133472038D+02 2.134156527D+02
 2.134835921D+02 2.135509153D+02 2.136175084D+02 2.136832501D+02 2.137480114D+02
 2.138116552D+02 2.138740362D+02 2.139350002D+02 2.139943840D+02 2.140520151D+02
 2.141077114D+02 2.141612805D+02 2.142125202D+02 2.142612172D+02 2.143071474D+02
 2.143500758D+02 2.143897553D+02 2.144259276D+02 2.144583220D+02 2.144866558D+02
 2.145106336D+02 2.145299476D+02 2.145442770D+02 2.145532883D+02 2.145566348D+02
 2.145539569D+02 2.145448820D+02 2.145290243D+02 2.145059856D+02 2.144753545D+02
 2.144367074D+02 2.143896085D+02 2.143336102D+02 2.142682535D+02 2.141930685D+02
 2.141075751D+02 2.140112838D+02 2.139036962D+02 2.137843061D+02 2.136526005D+02
 2.135080604D+02 2.133501626D+02 2.131783803D+02 2.129921849D+02 2.127910475D+02
 2.125744406D+02 2.123418394D+02 2.120927241D+02 2.118265816D+02 2.115429076D+02
 2.112412085D+02 2.109210037D+02 2.105818277D+02 2.102232325D+02 2.098447896D+02
 2.094460926D+02 2.090267591D+02 2.085864332D+02 2.081247871D+02 2.076415241D+02
 2.071363793D+02 2.066091223D+02 2.060595582D+02 2.054875290D+02 2.048929145D+02
 2.042756332D+02 2.036356425D+02 2.029729384D+02 2.022875551D+02 2.015795642D+02
 2.008490725D+02 2.000962206D+02 1.993211796D+02 1.985241484D+02 1.977053493D+02
 1.968650238D+02 1.960034278D+02 1.951208258D+02 1.942174853D+02 1.932936704D+02
 1.923496356D+02 1.913856198D+02 1.904018397D+02 1.893984849D+02 1.883757130D+02
 1.873336462D+02 1.862723694D+02 1.851919307D+02 1.840923431D+02 1.829735899D+02
 1.818356324D+02 1.806784204D+02 1.795019052D+02 1.783060550D+02 1.770908713D+02
 1.758564062D+02 1.746027783D+02 1.733301865D+02 1.720389198D+02 1.707293626D+02
 1.694019934D+02 1.680573776D+02 1.666961542D+02 1.653190169D+02 1.639266916D+02
 1.625199120D+02 1.610993939D+02 1.596658129D+02 1.582197840D+02 1.567618463D+02
 1.552924539D+02 1.538119718D+02 1.523206776D+02 1.508187695D+02 1.493063780D+02
 1.477835821D+02 1.462504275D+02 1.447069478D+02 1.431531858D+02 1.415892142D+02
 1.400151569D+02 1.384312067D+02 1.368376418D+02 1.352348386D+02 1.336232815D+02
 1.320035680D+02 1.303764104D+02 1.287426324D+02 1.271031614D+02 1.254590167D+02
 1.238112932D+02 1.221611405D+02 1.205097396D+02 1.188582759D+02 1.172079105D+02
 1.155597504D+02 1.139148197D+02 1.122740322D+02 1.106381689D+02 1.090078620D+02
 1.073835882D+02 1.057656741D+02 1.041543146D+02 1.025496070D+02 1.009515977D+02
 9.936033858D+01 9.777594593D+01 9.619865228D+01 9.462884144D+01 9.306705854D+01
 9.151399163D+01 8.997042719D+01 8.843718759D+01 8.691506183D+01 8.540474116D+01
 8.390676878D+01 8.242150862D+01 8.094913450D+01 7.948963753D+01 7.804284790D+01
 7.660846651D+01 7.518610203D+01 7.377530968D+01 7.237562880D+01 7.098661712D+01
 6.960788046D+01 6.823909686D+01 6.688003509D+01 6.553056739D+01 6.419067664D+01
 6.286045854D+01 6.154011923D+01 6.022996912D+01 5.893041341D+01 5.764194016D+01
 5.636510649D+01 5.510052358D+01 5.384884108D+01 5.261073148D+01 5.138687486D+01
 5.017794455D+01 4.898459390D+01 4.780744452D+01 4.664707615D+01 4.550401825D+01
 4.437874344D+01 4.327166274D+01 4.218312261D+01 4.111340361D+01 4.006272073D+01
 3.903122504D+01 3.801900661D+01 3.702609847D+01 3.605248126D+01 3.509808846D+01
 3.416281186D+01 3.324650693D+01 3.234899791D+01 3.147008235D+01 3.060953477D+01
 2.976710963D+01 2.894254322D+01 2.813555480D+01 2.734584706D+01 2.657310607D+01
 2.581700104D+01 2.507718408D+01 2.435329014D+01 2.364493735D+01 2.295172773D+01
 2.227324845D+01 2.160907368D+01 2.095876664D+01
 2.050400590D+02 2.055624753D+02 2.061113207D+02 2.064347066D+02 2.066673108D+02
 2.068534626D+02 2.070078674D+02 2.071407834D+02 2.072580068D+02 2.073633028D+02
 2.074592445D+02 2.075476656D+02 2.076299199D+02 2.077070351D+02 2.077798104D+02
 2.078488795D+02 2.079147537D+02 2.079778518D+02 2.080385213D+02 2.080970538D+02
 2.081536967D+02 2.082086617D+02 2.082621317D+02 2.083142658D+02 2.083652035D+02
 2.084150678D+02 2.084639679D+02 2.085120013D+02 2.085592557D+02 2.086058099D+02
 2.086517358D+02 2.086970984D+02 2.087419576D+02 2.087863682D+02 2.088303809D+02
 2.088740424D+02 2.089173965D+02 2.089604837D+02 2.090033422D+02 2.090460077D+02
 2.090885140D+02 2.091308929D+02 2.091731747D+02 2.092153880D+02 2.092575604D+02
 2.092997179D+02 2.093418858D+02 2.093840883D+02 2.094263484D+02 2.094686888D+02
 2.095111311D+02 2.095536964D+02 2.095964051D+02 2.096392771D+02 2.096823317D+02
 2.097255878D+02 2.097690640D+02 2.098127781D+02 2.098567479D+02 2.099009906D+02
 2.099455232D+02 2.099903623D+02 2.100355243D+02 2.100810251D+02 2.101268804D+02
 2.101731057D+02 2.102197161D+02 2.102667264D+02 2.103141511D+02 2.103620045D+02
 2.104103006D+02 2.104590528D+02 2.105082746D+02 2.105579786D+02 2.106081776D+02
 2.106588835D+02 2.107101082D+02 2.107618627D+02 2.108141580D+02 2.108670041D+02
 2.109204108D+02 2.109743872D+02 2.110289416D+02 2.110840819D+02 2.111398149D+02
 2.111961468D+02 2.112530830D+02 2.113106279D+02 2.113687848D+02 2.114275561D+02
 2.114869430D+02 2.115469453D+02 2.116075618D+02 2.116687896D+02 2.117306245D+02
 2.117930606D+02 2.118560903D+02 2.119197041D+02 2.119838907D+02 2.120486365D+02
 2.121139258D+02 2.121797407D+02 2.122460604D+02 2.123128618D+02 2.123801188D+02
 2.124478023D+02 2.125158801D+02 2.125843166D+02 2.126530726D+02 2.127221052D+02
 2.127913676D+02 2.128608086D+02 2.129303728D+02 2.130000000D+02 2.130696252D+02
 2.131391782D+02 2.132085836D+02 2.132777600D+02 2.133466202D+02 2.134150709D+02
 2.134830122D+02 2.135503372D+02 2.136169322D+02 2.136826759D+02 2.137474392D+02
 2.138110852D+02 2.138734683D+02 2.139344344D+02 2.139938205D+02 2.140514539D+02
 2.141071525D+02 2.141607241D+02 2.142119662D+02 2.142606657D+02 2.143065986D+02
 2.143495296D+02 2.143892119D+02 2.144253870D+02 2.144577843D+02 2.144861211D+02
 2.145101019D+02 2.145294190D+02 2.145437516D+02 2.145527662D+02 2.145561160D+02
 2.145534416D+02 2.145443702D+02 2.145285162D+02 2.145054811D+02 2.144748539D+02
 2.144362107D+02 2.143891158D+02 2.143331216D+02 2.142677691D+02 2.141925884D+02
 2.141070995D+02 2.140108127D+02 2.139032298D+02 2.137838445D+02 2.136521437D+02
 2.135076087D+02 2.133497160D+02 2.131779389D+02 2.129917489D+02 2.127906170D+02
 2.125740157D+02 2.123414203D+02 2.120923109D+02 2.118261745D+02 2.115425066D+02
 2.112408138D+02 2.109206155D+02 2.105814461D+02 2.102228576D+02 2.098444216D+02
 2.094457316D+02 2.090264053D+02 2.085860866D+02 2.081244480D+02 2.076411925D+02
 2.071360555D+02 2.066088063D+02 2.060592502D+02 2.054872291D+02 2.048926229D+02
 2.042753500D+02 2.036353678D+02 2.029726723D+02 2.022872979D+02 2.015793159D+02
 2.008488332D+02 2.000959905D+02 1.993209588D+02 1.985239370D+02 1.977051475D+02
 1.968648318D+02 1.960032457D+02 1.951206538D+02 1.942173236D+02 1.932935192D+02
 1.923494952D+02 1.913854906D+02 1.904017220D+02 1.893983793D+02 1.883756199D+02
 1.873335664D+02 1.862723038D+02 1.851918802D+02 1.840923089D+02 1.829735734D+02
 1.818356354D+02 1.806784449D+02 1.795019534D+02 1.783061296D+02 1.770909755D+02
 1.758565435D+02 1.746029527D+02 1.733304024D+02 1.720391824D+02 1.707296774D+02
 1.694023665D+02 1.680578157D+02 1.666966645D+02 1.653196074D+02 1.639273709D+02
 1.625206892D+02 1.611002791D+02 1.596668167D+02 1.582209178D+02 1.567631227D+02
 1.552938863D+02 1.538135747D+02 1.523224668D+02 1.508207621D+02 1.493085927D+02
 1.477860390D+02 1.462531489D+02 1.447099580D+02 1.431565112D+02 1.415928840D+02
 1.400192029D+02 1.384356639D+02 1.368425487D+02 1.352402376D+02 1.336292191D+02
 1.320100954D+02 1.303835839D+02 1.287505138D+02 1.271118187D+02 1.254685243D+02
 1.238217323D+02 1.221725997D+02 1.205223148D+02 1.188720705D+02 1.172230347D+02
 1.155763208D+02 1.139329573D+02 1.122938605D+02 1.106598102D+02 1.090314330D+02
 1.074091941D+02 1.057934009D+02 1.041842211D+02 1.025817158D+02 1.009858867D+02
 9.939673465D+01 9.781432106D+01 9.623882469D+01 9.467058147D+01 9.311009933D+01
 9.155804328D+01 9.001519236D+01 8.848237650D+01 8.696040476D+01 8.544999736D+01
 8.395173147D+01 8.246600655D+01 8.099303073D+01 7.953282644D+01 7.808525115D+01
 7.665002869D+01 7.522678639D+01 7.381509420D+01 7.241450279D+01 7.102457835D+01
 6.964493275D+01 6.827524816D+01 6.691529596D+01 6.556494974D+01 6.422419276D+01
 6.289312032D+01 6.157193753D+01 6.026095324D+01 5.896057067D+01 5.767127550D+01
 5.639362213D+01 5.512821872D+01 5.387571161D+01 5.263676969D+01 5.141206921D+01
 5.020227946D+01 4.900804953D+01 4.782999668D+01 4.666869622D+01 4.552467327D+01
 4.439839626D+01 4.329027241D+01 4.220064489D+01 4.112979185D+01 4.007792692D+01
 3.904520124D+01 3.803170671D+01 3.703748020D+01 3.606250856D+01 3.510673398D+01
 3.417005957D+01 3.325235466D+01 3.235345963D+01 3.147319001D+01 3.061133958D+01
 2.976768258D+01 2.894197486D+01 2.813395428D+01 2.734334043D+01 2.656983413D+01
 2.581311678D+01 2.507284999D+01 2.434867551D+01 2.364021568D+01 2.294707446D+01
 2.226883880D+01 2.160508093D+01 2.095536058D+01

PPAR:  Ni    VES= -0.003105
 L       ENU        C       +/-DEL   1/SQRT(P)     GAMMA      ALPHA
 0 -0.4935058 -0.3251528 -0.1818943  5.0471000  0.4061394  0.4061394
 1 -0.3390335  0.7502186  0.1534855  6.7764862  0.0978363  0.0978363
 2 -0.2116062 -0.1893783  0.0097024  0.7544142 -0.0022456 -0.0022456
 0 -0.4591708 -0.3240484 -0.1821534  5.0074446  0.4055323  0.4055323
 1 -0.3078222  0.7496204  0.1531581  6.7327048  0.0975866  0.0975866
 2 -0.2019808 -0.1650514  0.0100281  0.7694462 -0.0017732 -0.0017732
