GENERAL: LMX=2  NSPIN=1   WSR= 2.831544  REL=T  NR=345  A=.030
   Z=31  QC=28  QTOT= 0.059954

 ETOT  =  -3883.6820731  EKIN =    3957.2866281  UTOT =  -7840.9676111
 EMAD  =     -0.0010901  SUMEC=   -2239.7955840  SUMEV=     -1.3392270
 RHOV  =  -6198.4214391  UNUCL=   -9384.9681805  UELEC=   1690.9635539
 RHOEPS=   -146.9629845  REPSNL=      0.0000000  RHOMU=   -194.2509041
 RMUNL =      0.0000000

MOMNTS:  Ga    VRMAX= -0.755023
 L      PL         Q0         Q1         Q2   IDMOD     DL
 0  4.8035090  1.1348059 -0.0253069  0.0191178  0  -1.4087821
 1  4.5920018  1.5619150 -0.0115703  0.0231325  0  -0.2973592
 2  4.1879127  0.3632333 -0.0000000  0.0035166  0   1.4924128
COR:
  345    1     0.03000    6
 0.000000000D+00 3.395739466D-06 1.349501567D-05 3.062499940D-05 5.525590686D-05
 8.791471818D-05 1.292029692D-04 1.797660148D-04 2.403020514D-04 3.115612518D-04
 3.943476853D-04 4.895217198D-04 5.980028213D-04 7.207727036D-04 8.588787886D-04
 1.013437957D-03 1.185640580D-03 1.376754837D-03 1.588131317D-03 1.821207921D-03
 2.077515066D-03 2.358681213D-03 2.666438733D-03 3.002630121D-03 3.369214579D-03
 3.768274998D-03 4.202025337D-03 4.672818445D-03 5.183154332D-03 5.735688925D-03
 6.333243329D-03 6.978813616D-03 7.675581189D-03 8.426923727D-03 9.236426761D-03
 1.010789591D-02 1.104536982D-02 1.205313381D-02 1.313573429D-02 1.429799406D-02
 1.554502836D-02 1.688226188D-02 1.831544671D-02 1.985068130D-02 2.149443043D-02
 2.325354628D-02 2.513529077D-02 2.714735894D-02 2.929790373D-02 3.159556213D-02
 3.404948258D-02 3.666935408D-02 3.946543664D-02 4.244859350D-02 4.563032500D-02
 4.902280424D-02 5.263891467D-02 5.649228954D-02 6.059735352D-02 6.496936637D-02
 6.962446895D-02 7.457973148D-02 7.985320429D-02 8.546397119D-02 9.143220538D-02
 9.777922823D-02 1.045275709D-01 1.117010391D-01 1.193247806D-01 1.274253567D-01
 1.360308160D-01 1.451707729D-01 1.548764889D-01 1.651809577D-01 1.761189942D-01
 1.877273283D-01 2.000447014D-01 2.131119682D-01 2.269722023D-01 2.416708068D-01
 2.572556290D-01 2.737770799D-01 2.912882585D-01 3.098450810D-01 3.295064148D-01
 3.503342177D-01 3.723936819D-01 3.957533833D-01 4.204854354D-01 4.466656490D-01
 4.743736963D-01 5.036932803D-01 5.347123088D-01 5.675230734D-01 6.022224330D-01
 6.389120013D-01 6.776983390D-01 7.186931496D-01 7.620134780D-01 8.077819132D-01
 8.561267923D-01 9.071824075D-01 9.610892134D-01 1.017994036D+00 1.078050278D+00
 1.141418131D+00 1.208264773D+00 1.278764575D+00 1.353099291D+00 1.431458253D+00
 1.514038551D+00 1.601045203D+00 1.692691317D+00 1.789198237D+00 1.890795675D+00
 1.997721821D+00 2.110223433D+00 2.228555906D+00 2.352983308D+00 2.483778391D+00
 2.621222561D+00 2.765605812D+00 2.917226621D+00 3.076391789D+00 3.243416236D+00
 3.418622732D+00 3.602341571D+00 3.794910172D+00 3.996672613D+00 4.207979071D+00
 4.429185191D+00 4.660651347D+00 4.902741812D+00 5.155823813D+00 5.420266471D+00
 5.696439625D+00 5.984712516D+00 6.285452337D+00 6.599022638D+00 6.925781573D+00
 7.266079992D+00 7.620259361D+00 7.988649509D+00 8.371566193D+00 8.769308482D+00
 9.182155945D+00 9.610365648D+00 1.005416896D+01 1.051376814D+01 1.098933278D+01
 1.148099597D+01 1.198885038D+01 1.251294405D+01 1.305327609D+01 1.360979222D+01
 1.418238009D+01 1.477086456D+01 1.537500283D+01 1.599447957D+01 1.662890190D+01
 1.727779446D+01 1.794059452D+01 1.861664712D+01 1.930520040D+01 2.000540116D+01
 2.071629065D+01 2.143680072D+01 2.216575038D+01 2.290184295D+01 2.364366368D+01
 2.438967821D+01 2.513823173D+01 2.588754911D+01 2.663573603D+01 2.738078126D+01
 2.812056018D+01 2.885283967D+01 2.957528453D+01 3.028546542D+01 3.098086858D+01
 3.165890734D+01 3.231693545D+01 3.295226254D+01 3.356217140D+01 3.414393754D+01
 3.469485066D+01 3.521223832D+01 3.569349154D+01 3.613609239D+01 3.653764345D+01
 3.689589885D+01 3.720879684D+01 3.747449351D+01 3.769139745D+01 3.785820492D+01
 3.797393506D+01 3.803796479D+01 3.805006277D+01 3.801042189D+01 3.791968954D+01
 3.777899513D+01 3.758997401D+01 3.735478705D+01 3.707613524D+01 3.675726828D+01
 3.640198663D+01 3.601463608D+01 3.560009431D+01 3.516374855D+01 3.471146406D+01
 3.424954271D+01 3.378467150D+01 3.332386084D+01 3.287437240D+01 3.244363701D+01
 3.203916282D+01 3.166843441D+01 3.133880378D+01 3.105737439D+01 3.083087964D+01
 3.066555735D+01 3.056702247D+01 3.054013987D+01 3.058889975D+01 3.071629830D+01
 3.092422610D+01 3.121336739D+01 3.158311280D+01 3.203148858D+01 3.255510498D+01
 3.314912654D+01 3.380726653D+01 3.452180782D+01 3.528365166D+01 3.608239582D+01
 3.690644270D+01 3.774313742D+01 3.857893552D+01 3.939959875D+01 4.019041713D+01
 4.093645430D+01 4.162281267D+01 4.223491410D+01 4.275879095D+01 4.318138192D+01
 4.349082642D+01 4.367675088D+01 4.373053974D+01 4.364558419D+01 4.341750133D+01
 4.304431681D+01 4.252660427D+01 4.186757551D+01 4.107311618D+01 4.015176325D+01
 3.911462002D+01 3.797520855D+01 3.674925868D+01 3.545443580D+01 3.411001081D+01
 3.273647793D+01 3.135512783D+01 2.998758518D+01 2.865532165D+01 2.737915673D+01
 2.617875966D+01 2.507216682D+01 2.407532885D+01 2.320170176D+01 2.246189532D+01
 2.186339085D+01 2.141033856D+01 2.110344234D+01 2.093993728D+01 2.091366222D+01
 2.101522655D+01 2.123226719D+01 2.154978873D+01 2.195057667D+01 2.241567096D+01
 2.292488477D+01 2.345735189D+01 2.399208469D+01 2.450852441D+01 2.498706592D+01
 2.540954013D+01 2.575963908D+01 2.602327138D+01 2.618883863D+01 2.624742652D+01
 2.619290888D+01 2.602196389D+01 2.573401001D+01 2.533106397D+01 2.481753484D+01
 2.419996333D+01 2.348671935D+01 2.268767094D+01 2.181383773D+01 2.087704115D+01
 1.988956309D+01 1.886382262D+01 1.781207943D+01 1.674617008D+01 1.567728204D+01
 1.461576807D+01 1.357100215D+01 1.255127668D+01 1.156373898D+01 1.061436458D+01
 9.707963433D+00 8.848214923D+00 8.037727030D+00 7.278114795D+00 6.570093320D+00
 5.913580671D+00 5.307806352D+00 4.751421427D+00 4.242606867D+00 3.779177220D+00
 3.358677286D+00 2.978470048D+00 2.635814646D+00 2.327933718D+00 2.052069900D+00
 1.805531669D+00 1.585729061D+00 1.390200058D+00 1.216628640D+00 1.062855595D+00
 9.268832576D-01 8.068753504D-01 7.011530151D-01 6.081880729D-01 5.265944065D-01
 4.551182298D-01 3.926278685D-01 3.381035313D-01 2.906274209D-01 2.493744171D-01
 2.136034637D-01 1.826497346D-01 1.559174997D-01 1.328737525D-01 1.130425547D-01
SUMEC
 0.000000000D+00
EC
-7.499227294D+02-9.223160522D+01-1.049932991D+01-8.032670363D+01-6.915324463D+00
EC
-1.103608827D+00
POT:
  345    1     0.03000     2.83154
 2.381420933D+02 2.388743296D+02 2.396469649D+02 2.401013897D+02 2.404271120D+02
 2.406861621D+02 2.409007027D+02 2.410849510D+02 2.412470864D+02 2.413924082D+02
 2.415245335D+02 2.416460395D+02 2.417588274D+02 2.418643396D+02 2.419636973D+02
 2.420577886D+02 2.421473299D+02 2.422329072D+02 2.423150063D+02 2.423940345D+02
 2.424703368D+02 2.425442084D+02 2.426159035D+02 2.426856432D+02 2.427536208D+02
 2.428200065D+02 2.428849512D+02 2.429485892D+02 2.430110408D+02 2.430724142D+02
 2.431328073D+02 2.431923089D+02 2.432510000D+02 2.433089549D+02 2.433662417D+02
 2.434229232D+02 2.434790577D+02 2.435346992D+02 2.435898981D+02 2.436447015D+02
 2.436991535D+02 2.437532956D+02 2.438071670D+02 2.438608047D+02 2.439142439D+02
 2.439675180D+02 2.440206588D+02 2.440736968D+02 2.441266610D+02 2.441795796D+02
 2.442324794D+02 2.442853864D+02 2.443383256D+02 2.443913214D+02 2.444443973D+02
 2.444975762D+02 2.445508802D+02 2.446043311D+02 2.446579500D+02 2.447117576D+02
 2.447657739D+02 2.448200189D+02 2.448745118D+02 2.449292716D+02 2.449843170D+02
 2.450396662D+02 2.450953371D+02 2.451513473D+02 2.452077143D+02 2.452644548D+02
 2.453215857D+02 2.453791232D+02 2.454370834D+02 2.454954821D+02 2.455543345D+02
 2.456136558D+02 2.456734606D+02 2.457337632D+02 2.457945775D+02 2.458559169D+02
 2.459177945D+02 2.459802228D+02 2.460432138D+02 2.461067790D+02 2.461709293D+02
 2.462356748D+02 2.463010252D+02 2.463669893D+02 2.464335752D+02 2.465007900D+02
 2.465686400D+02 2.466371306D+02 2.467062661D+02 2.467760496D+02 2.468464830D+02
 2.469175671D+02 2.469893012D+02 2.470616830D+02 2.471347088D+02 2.472083732D+02
 2.472826690D+02 2.473575868D+02 2.474331156D+02 2.475092419D+02 2.475859501D+02
 2.476632218D+02 2.477410362D+02 2.478193698D+02 2.478981959D+02 2.479774847D+02
 2.480572033D+02 2.481373150D+02 2.482177794D+02 2.482985523D+02 2.483795851D+02
 2.484608251D+02 2.485422148D+02 2.486236917D+02 2.487051882D+02 2.487866315D+02
 2.488679429D+02 2.489490376D+02 2.490298249D+02 2.491102072D+02 2.491900801D+02
 2.492693320D+02 2.493478439D+02 2.494254887D+02 2.495021313D+02 2.495776279D+02
 2.496518259D+02 2.497245635D+02 2.497956691D+02 2.498649612D+02 2.499322482D+02
 2.499973275D+02 2.500599856D+02 2.501199978D+02 2.501771272D+02 2.502311254D+02
 2.502817312D+02 2.503286708D+02 2.503716575D+02 2.504103913D+02 2.504445585D+02
 2.504738319D+02 2.504978701D+02 2.505163177D+02 2.505288050D+02 2.505349479D+02
 2.505343480D+02 2.505265923D+02 2.505112535D+02 2.504878903D+02 2.504560468D+02
 2.504152538D+02 2.503650282D+02 2.503048739D+02 2.502342821D+02 2.501527320D+02
 2.500596913D+02 2.499546169D+02 2.498369561D+02 2.497061470D+02 2.495616202D+02
 2.494027994D+02 2.492291032D+02 2.490399463D+02 2.488347406D+02 2.486128978D+02
 2.483738303D+02 2.481169534D+02 2.478416874D+02 2.475474594D+02 2.472337058D+02
 2.468998743D+02 2.465454263D+02 2.461698396D+02 2.457726103D+02 2.453532556D+02
 2.449113165D+02 2.444463597D+02 2.439579805D+02 2.434458049D+02 2.429094918D+02
 2.423487354D+02 2.417632666D+02 2.411528551D+02 2.405173108D+02 2.398564847D+02
 2.391702698D+02 2.384586015D+02 2.377214575D+02 2.369588571D+02 2.361708605D+02
 2.353575667D+02 2.345191115D+02 2.336556647D+02 2.327674263D+02 2.318546226D+02
 2.309175013D+02 2.299563261D+02 2.289713709D+02 2.279629135D+02 2.269312289D+02
 2.258765821D+02 2.247992220D+02 2.236993745D+02 2.225772366D+02 2.214329714D+02
 2.202667044D+02 2.190785219D+02 2.178684704D+02 2.166365596D+02 2.153827677D+02
 2.141070497D+02 2.128093486D+02 2.114896095D+02 2.101477963D+02 2.087839089D+02
 2.073980022D+02 2.059902027D+02 2.045607236D+02 2.031098755D+02 2.016380714D+02
 2.001458260D+02 1.986337480D+02 1.971025252D+02 1.955529048D+02 1.939856693D+02
 1.924016091D+02 1.908014960D+02 1.891860582D+02 1.875559578D+02 1.859117753D+02
 1.842539978D+02 1.825830154D+02 1.808991229D+02 1.792025276D+02 1.774933627D+02
 1.757717041D+02 1.740375907D+02 1.722910476D+02 1.705321084D+02 1.687608390D+02
 1.669773595D+02 1.651818643D+02 1.633746392D+02 1.615560752D+02 1.597266783D+02
 1.578870748D+02 1.560380117D+02 1.541803520D+02 1.523150655D+02 1.504432143D+02
 1.485659331D+02 1.466844068D+02 1.447998429D+02 1.429134424D+02 1.410263685D+02
 1.391397164D+02 1.372544837D+02 1.353715460D+02 1.334916383D+02 1.316153463D+02
 1.297431087D+02 1.278752337D+02 1.260119293D+02 1.241533465D+02 1.222996324D+02
 1.204509848D+02 1.186077023D+02 1.167702176D+02 1.149391091D+02 1.131150862D+02
 1.112989483D+02 1.094915279D+02 1.076936237D+02 1.059059383D+02 1.041290270D+02
 1.023632652D+02 1.006088358D+02 9.886573491D+01 9.713379403D+01 9.541271290D+01
 9.370209941D+01 9.200151234D+01 9.031050359D+01 8.862865741D+01 8.695562489D+01
 8.529115257D+01 8.363510455D+01 8.198747796D+01 8.034841193D+01 7.871819044D+01
 7.709723962D+01 7.548612012D+01 7.388551541D+01 7.229621676D+01 7.071910567D+01
 6.915513459D+01 6.760530674D+01 6.607065552D+01 6.455222440D+01 6.305104762D+01
 6.156813226D+01 6.010444204D+01 5.866088308D+01 5.723829192D+01 5.583742580D+01
 5.445895534D+01 5.310345956D+01 5.177142325D+01 5.046323644D+01 4.917919605D+01
 4.791950927D+01 4.668429871D+01 4.547360891D+01 4.428741397D+01 4.312562596D+01
 4.198810372D+01 4.087466162D+01 3.978507777D+01 3.871910132D+01 3.767645839D+01
 3.665685635D+01 3.565998643D+01 3.468552463D+01 3.373313127D+01 3.280244960D+01
 3.189310389D+01 3.100469752D+01 3.013681146D+01 2.928900335D+01 2.846080735D+01
 2.765173480D+01 2.686127555D+01 2.608889987D+01 2.533406069D+01 2.459619628D+01
 2.387473289D+01 2.316908765D+01 2.247867134D+01 2.180289168D+01 2.114115613D+01

PPAR:  Ga    VES=  0.005983
 L       ENU        C       +/-DEL   1/SQRT(P)     GAMMA      ALPHA
 0 -0.6284418 -0.7204423 -0.1267682  2.6584337  0.4226204  0.4226204
 1 -0.3420886  0.1624113  0.1320911  3.9476955  0.1169585  0.1169585
 2 -0.2526045  2.6846824 -0.4235625  2.0609364  0.1301277  0.1301277
