GENERAL: LMX=3  NSPIN=1   WSR= 2.831544  REL=T  NR=375  A=.030
   Z=49  QC=46  QTOT=-0.194538

 ETOT  = -11754.8858384  EKIN =   12334.7561120  UTOT = -24089.6347135
 EMAD  =     -0.0072369  SUMEC=   -7092.1484780  SUMEV=     -1.1519563
 RHOV  = -19428.0565463  UNUCL=  -28537.0733087  UELEC=   4758.9085785
 RHOEPS=   -311.4699833  REPSNL=      0.0000000  RHOMU=   -412.4315509
 RMUNL =      0.0000000

MOMNTS:  In    VRMAX= -0.858745
 L      PL         Q0         Q1         Q2   IDMOD     DL
 0  5.7832932  0.9743313 -0.0260194  0.0154230  0  -1.2345785
 1  5.5586881  1.3187025 -0.0141235  0.0196812  0  -0.1864922
 2  5.1404221  0.3783495  0.0000000  0.0035934  0   2.1178137
 3  4.1370419  0.1340787 -0.0000000  0.0006406  0   2.1774050
COR:
  375    1     0.03000    9
 0.000000000D+00 5.242139334D-06 1.967989807D-05 4.317584473D-05 7.603650947D-05
 1.186922525D-04 1.716974222D-04 2.356731732D-04 3.113071228D-04 3.993484536D-04
 5.006069227D-04 6.159532851D-04 7.463206788D-04 8.927067034D-04 1.056176025D-03
 1.237863410D-03 1.438977135D-03 1.660802729D-03 1.904707043D-03 2.172142632D-03
 2.464652445D-03 2.783874833D-03 3.131548879D-03 3.509520061D-03 3.919746258D-03
 4.364304121D-03 4.845395809D-03 5.365356130D-03 5.926660081D-03 6.531930837D-03
 7.183948177D-03 7.885657402D-03 8.640178748D-03 9.450817331D-03 1.032107365D-02
 1.125465466D-02 1.225548552D-02 1.332772187D-02 1.447576295D-02 1.570426532D-02
 1.701815734D-02 1.842265455D-02 1.992327577D-02 2.152586016D-02 2.323658513D-02
 2.506198536D-02 2.700897267D-02 2.908485714D-02 3.129736923D-02 3.365468318D-02
 3.616544162D-02 3.883878151D-02 4.168436146D-02 4.471239051D-02 4.793365840D-02
 5.135956751D-02 5.500216639D-02 5.887418513D-02 6.298907251D-02 6.736103513D-02
 7.200507857D-02 7.693705060D-02 8.217368674D-02 8.773265804D-02 9.363262132D-02
 9.989327204D-02 1.065353997D-01 1.135809461D-01 1.210530665D-01 1.289761939D-01
 1.373761063D-01 1.462799974D-01 1.557165509D-01 1.657160177D-01 1.763102980D-01
 1.875330261D-01 1.994196602D-01 2.120075756D-01 2.253361628D-01 2.394469301D-01
 2.543836105D-01 2.701922738D-01 2.869214438D-01 3.046222203D-01 3.233484067D-01
 3.431566432D-01 3.641065457D-01 3.862608503D-01 4.096855639D-01 4.344501214D-01
 4.606275486D-01 4.882946318D-01 5.175320943D-01 5.484247789D-01 5.810618382D-01
 6.155369306D-01 6.519484245D-01 6.903996087D-01 7.309989098D-01 7.738601177D-01
 8.191026167D-01 8.668516245D-01 9.172384378D-01 9.704006847D-01 1.026482583D+00
 1.085635208D+00 1.148016757D+00 1.213792836D+00 1.283136731D+00 1.356229703D+00
 1.433261274D+00 1.514429524D+00 1.599941383D+00 1.690012935D+00 1.784869714D+00
 1.884747001D+00 1.989890126D+00 2.100554754D+00 2.217007182D+00 2.339524615D+00
 2.468395442D+00 2.603919501D+00 2.746408324D+00 2.896185375D+00 3.053586267D+00
 3.218958952D+00 3.392663892D+00 3.575074201D+00 3.766575752D+00 3.967567249D+00
 4.178460252D+00 4.399679169D+00 4.631661179D+00 4.874856112D+00 5.129726258D+00
 5.396746105D+00 5.676402010D+00 5.969191772D+00 6.275624125D+00 6.596218128D+00
 6.931502440D+00 7.282014494D+00 7.648299525D+00 8.030909478D+00 8.430401767D+00
 8.847337868D+00 9.282281765D+00 9.735798199D+00 1.020845075D+01 1.070079969D+01
 1.121339968D+01 1.174679718D+01 1.230152769D+01 1.287811270D+01 1.347705647D+01
 1.409884240D+01 1.474392935D+01 1.541274746D+01 1.610569391D+01 1.682312817D+01
 1.756536722D+01 1.833268022D+01 1.912528315D+01 1.994333297D+01 2.078692166D+01
 2.165606991D+01 2.255072065D+01 2.347073228D+01 2.441587179D+01 2.538580768D+01
 2.638010275D+01 2.739820684D+01 2.843944953D+01 2.950303287D+01 3.058802420D+01
 3.169334916D+01 3.281778492D+01 3.395995381D+01 3.511831731D+01 3.629117070D+01
 3.747663828D+01 3.867266945D+01 3.987703574D+01 4.108732887D+01 4.230096009D+01
 4.351516095D+01 4.472698553D+01 4.593331452D+01 4.713086117D+01 4.831617930D+01
 4.948567362D+01 5.063561245D+01 5.176214306D+01 5.286130972D+01 5.392907465D+01
 5.496134196D+01 5.595398475D+01 5.690287519D+01 5.780391801D+01 5.865308695D+01
 5.944646445D+01 6.018028433D+01 6.085097718D+01 6.145521852D+01 6.198997906D+01
 6.245257701D+01 6.284073169D+01 6.315261814D+01 6.338692179D+01 6.354289286D+01
 6.362039924D+01 6.361997729D+01 6.354287929D+01 6.339111666D+01 6.316749770D+01
 6.287565866D+01 6.252008693D+01 6.210613507D+01 6.164002427D+01 6.112883624D+01
 6.058049205D+01 6.000371698D+01 5.940799035D+01 5.880347927D+01 5.820095603D+01
 5.761169828D+01 5.704737216D+01 5.651989837D+01 5.604130175D+01 5.562354528D+01
 5.527834980D+01 5.501700122D+01 5.485014752D+01 5.478758814D+01 5.483805913D+01
 5.500901749D+01 5.530642908D+01 5.573456425D+01 5.629580643D+01 5.699047840D+01
 5.781669186D+01 5.877022544D+01 5.984443665D+01 6.103021280D+01 6.231596584D+01
 6.368767535D+01 6.512898345D+01 6.662134447D+01 6.814423121D+01 6.967539857D+01
 7.119120383D+01 7.266698163D+01 7.407746984D+01 7.539728120D+01 7.660141352D+01
 7.766578986D+01 7.856781817D+01 7.928695849D+01 7.980528424D+01 8.010802307D+01
 8.018406154D+01 8.002639776D+01 7.963252545D+01 7.900473366D+01 7.815030671D+01
 7.708161062D+01 7.581605502D+01 7.437591930D+01 7.278803899D+01 7.108334892D+01
 6.929628532D+01 6.746405325D+01 6.562577087D+01 6.382150701D+01 6.209123339D+01
 6.047371788D+01 5.900538897D+01 5.771920572D+01 5.664356944D+01 5.580131529D+01
 5.520882183D+01 5.487527513D+01 5.480212153D+01 5.498273809D+01 5.540234450D+01
 5.603817222D+01 5.685989859D+01 5.783034377D+01 5.890641874D+01 6.004030194D+01
 6.118081254D+01 6.227493907D+01 6.326947438D+01 6.411270163D+01 6.475607214D+01
 6.515581409D+01 6.527441368D+01 6.508190943D+01 6.455695238D+01 6.368758852D+01
 6.247173166D+01 6.091730494D+01 5.904204841D+01 5.687298528D+01 5.444557562D+01
 5.180258066D+01 4.899267842D+01 4.606888048D+01 4.308680677D+01 4.010288153D+01
 3.717251683D+01 3.434835100D+01 3.167860775D+01 2.920563721D+01 2.696469303D+01
 2.498299008D+01 2.327907492D+01 2.186252795D+01 2.073400115D+01 1.988558048D+01
 1.930144823D+01 1.895880798D+01 1.882902515D+01 1.887892832D+01 1.907221212D+01
 1.937088023D+01 1.973666768D+01 2.013238476D+01 2.052313073D+01 2.087733375D+01
 2.116758361D+01 2.137123556D+01 2.147077781D+01 2.145396243D+01 2.131372075D+01
 2.104788050D+01 2.065872348D+01 2.015241759D+01 1.953836428D+01 1.882849851D+01
 1.803658015D+01 1.717750765D+01 1.626668112D+01 1.531943511D+01 1.435055502D+01
 1.337388486D+01 1.240202845D+01 1.144614141D+01 1.051580738D+01 9.618989390D+00
 8.762045094D+00 7.949794142D+00 7.185625514D+00 6.471633293D+00 5.808770291D+00
 5.197010233D+00 4.635510699D+00 4.122770567D+00 3.656777255D+00 3.235140455D+00
 2.855210367D+00 2.514179512D+00 2.209168115D+00 1.937293708D+00 1.695726143D+00
 1.481729492D+00 1.292692508D+00 1.126149374D+00 9.797924139D-01 8.514783527D-01
 7.392295199D-01 6.412313390D-01 5.558267272D-01 4.815090524D-01 4.169137582D-01
SUMEC
 0.000000000D+00
EC
-2.035982403D+03-3.044860763D+02-5.741130996D+01-8.383493311D+00-2.733501034D+02
EC
-4.722611044D+01-5.345154874D+00-3.138448573D+01-1.024884311D+00
POT:
  375    1     0.03000     2.83154
 4.446720161D+02 4.484310678D+02 4.525395700D+02 4.549197011D+02 4.566024734D+02
 4.579192427D+02 4.590018897D+02 4.599243115D+02 4.607301961D+02 4.614476314D+02
 4.620957100D+02 4.626879913D+02 4.632344479D+02 4.637426260D+02 4.642183725D+02
 4.646663089D+02 4.650901508D+02 4.654929299D+02 4.658771523D+02 4.662449128D+02
 4.665979804D+02 4.669378627D+02 4.672658548D+02 4.675830776D+02 4.678905077D+02
 4.681890013D+02 4.684793132D+02 4.687621123D+02 4.690379942D+02 4.693074918D+02
 4.695710836D+02 4.698292012D+02 4.700822349D+02 4.703305397D+02 4.705744384D+02
 4.708142266D+02 4.710501748D+02 4.712825317D+02 4.715115268D+02 4.717373716D+02
 4.719602624D+02 4.721803812D+02 4.723978974D+02 4.726129688D+02 4.728257430D+02
 4.730363580D+02 4.732449433D+02 4.734516206D+02 4.736565045D+02 4.738597029D+02
 4.740613178D+02 4.742614458D+02 4.744601783D+02 4.746576022D+02 4.748538001D+02
 4.750488505D+02 4.752428283D+02 4.754358052D+02 4.756278494D+02 4.758190265D+02
 4.760093993D+02 4.761990279D+02 4.763879704D+02 4.765762824D+02 4.767640175D+02
 4.769512275D+02 4.771379623D+02 4.773242701D+02 4.775101974D+02 4.776957895D+02
 4.778810899D+02 4.780661411D+02 4.782509839D+02 4.784356582D+02 4.786202027D+02
 4.788046547D+02 4.789890507D+02 4.791734261D+02 4.793578150D+02 4.795422508D+02
 4.797267658D+02 4.799113914D+02 4.800961579D+02 4.802810948D+02 4.804662304D+02
 4.806515923D+02 4.808372070D+02 4.810231001D+02 4.812092960D+02 4.813958182D+02
 4.815826891D+02 4.817699301D+02 4.819575612D+02 4.821456016D+02 4.823340689D+02
 4.825229796D+02 4.827123487D+02 4.829021900D+02 4.830925157D+02 4.832833363D+02
 4.834746607D+02 4.836664962D+02 4.838588481D+02 4.840517197D+02 4.842451123D+02
 4.844390250D+02 4.846334546D+02 4.848283952D+02 4.850238387D+02 4.852197738D+02
 4.854161867D+02 4.856130601D+02 4.858103735D+02 4.860081033D+02 4.862062216D+02
 4.864046972D+02 4.866034943D+02 4.868025730D+02 4.870018889D+02 4.872013925D+02
 4.874010292D+02 4.876007392D+02 4.878004569D+02 4.880001106D+02 4.881996225D+02
 4.883989078D+02 4.885978750D+02 4.887964253D+02 4.889944518D+02 4.891918399D+02
 4.893884663D+02 4.895841988D+02 4.897788959D+02 4.899724062D+02 4.901645684D+02
 4.903552101D+02 4.905441481D+02 4.907311874D+02 4.909161210D+02 4.910987290D+02
 4.912787788D+02 4.914560238D+02 4.916302033D+02 4.918010420D+02 4.919682494D+02
 4.921315189D+02 4.922905281D+02 4.924449374D+02 4.925943900D+02 4.927385112D+02
 4.928769078D+02 4.930091679D+02 4.931348602D+02 4.932535336D+02 4.933647166D+02
 4.934679171D+02 4.935626222D+02 4.936482973D+02 4.937243864D+02 4.937903113D+02
 4.938454721D+02 4.938892462D+02 4.939209889D+02 4.939400333D+02 4.939456900D+02
 4.939372477D+02 4.939139732D+02 4.938751117D+02 4.938198876D+02 4.937475047D+02
 4.936571470D+02 4.935479796D+02 4.934191497D+02 4.932697872D+02 4.930990069D+02
 4.929059088D+02 4.926895804D+02 4.924490981D+02 4.921835293D+02 4.918919341D+02
 4.915733677D+02 4.912268831D+02 4.908515331D+02 4.904463733D+02 4.900104651D+02
 4.895428785D+02 4.890426955D+02 4.885090132D+02 4.879409475D+02 4.873376362D+02
 4.866982432D+02 4.860219616D+02 4.853080175D+02 4.845556739D+02 4.837642340D+02
 4.829330450D+02 4.820615012D+02 4.811490474D+02 4.801951815D+02 4.791994577D+02
 4.781614882D+02 4.770809455D+02 4.759575637D+02 4.747911389D+02 4.735815300D+02
 4.723286579D+02 4.710325043D+02 4.696931095D+02 4.683105699D+02 4.668850337D+02
 4.654166967D+02 4.639057962D+02 4.623526048D+02 4.607574226D+02 4.591205693D+02
 4.574423755D+02 4.557231727D+02 4.539632841D+02 4.521630151D+02 4.503226434D+02
 4.484424110D+02 4.465225163D+02 4.445631087D+02 4.425642852D+02 4.405260897D+02
 4.384485154D+02 4.363315117D+02 4.341749943D+02 4.319788599D+02 4.297430044D+02
 4.274673448D+02 4.251518430D+02 4.227965304D+02 4.204015323D+02 4.179670884D+02
 4.154935692D+02 4.129814854D+02 4.104314891D+02 4.078443654D+02 4.052210156D+02
 4.025624316D+02 3.998696636D+02 3.971437837D+02 3.943858477D+02 3.915968581D+02
 3.887777314D+02 3.859292710D+02 3.830521486D+02 3.801468939D+02 3.772138943D+02
 3.742534027D+02 3.712655542D+02 3.682503888D+02 3.652078808D+02 3.621379701D+02
 3.590405974D+02 3.559157377D+02 3.527634339D+02 3.495838264D+02 3.463771785D+02
 3.431438960D+02 3.398845399D+02 3.365998324D+02 3.332906535D+02 3.299580309D+02
 3.266031204D+02 3.232271801D+02 3.198315373D+02 3.164175510D+02 3.129865714D+02
 3.095398993D+02 3.060787484D+02 3.026042147D+02 2.991172555D+02 2.956186829D+02
 2.921091732D+02 2.885892944D+02 2.850595493D+02 2.815204309D+02 2.779724829D+02
 2.744163553D+02 2.708528449D+02 2.672829119D+02 2.637076684D+02 2.601283371D+02
 2.565461890D+02 2.529624682D+02 2.493783194D+02 2.457947265D+02 2.422124749D+02
 2.386321401D+02 2.350541041D+02 2.314785963D+02 2.279057534D+02 2.243356921D+02
 2.207685869D+02 2.172047465D+02 2.136446844D+02 2.100891761D+02 2.065393032D+02
 2.029964784D+02 1.994624522D+02 1.959392999D+02 1.924293899D+02 1.889353341D+02
 1.854599218D+02 1.820060420D+02 1.785765937D+02 1.751743922D+02 1.718020735D+02
 1.684620041D+02 1.651562018D+02 1.618862784D+02 1.586534103D+02 1.554583489D+02
 1.523014771D+02 1.491829141D+02 1.461026593D+02 1.430607539D+02 1.400574264D+02
 1.370931832D+02 1.341688170D+02 1.312853295D+02 1.284437906D+02 1.256451762D+02
 1.228902256D+02 1.201793469D+02 1.175125796D+02 1.148896099D+02 1.123098235D+02
 1.097723798D+02 1.072762941D+02 1.048205170D+02 1.024040040D+02 1.000257731D+02
 9.768494712D+01 9.538078270D+01 9.311268631D+01 9.088021877D+01 8.868309062D+01
 8.652115004D+01 8.439436533D+01 8.230280376D+01 8.024660832D+01 7.822597384D+01
 7.624112361D+01 7.429228736D+01 7.237968139D+01 7.050349130D+01 6.866385760D+01
 6.686086436D+01 6.509453089D+01 6.336480641D+01 6.167156745D+01 6.001461772D+01
 5.839369030D+01 5.680845161D+01 5.525850694D+01 5.374340701D+01 5.226265524D+01
 5.081571504D+01 4.940201683D+01 4.802096418D+01 4.667193869D+01 4.535430339D+01
 4.406740452D+01 4.281057184D+01 4.158311772D+01 4.038433548D+01 3.921349739D+01
 3.806985283D+01 3.695262701D+01 3.586102023D+01 3.479420867D+01 3.375134530D+01

PPAR:  In    VES= -0.063007
 L       ENU        C       +/-DEL   1/SQRT(P)     GAMMA      ALPHA
 0 -0.5992922 -0.6651273  0.1522586  3.5724386  0.4370735  0.4370735
 1 -0.3375880  0.3012872 -0.1597066  5.1875435  0.1255939  0.1255939
 2 -0.2426875 -9.4753532 -4.5426258  1.2760982 -0.4891393 -0.4891393
 3 -0.2315677  2.9120713  0.1987679  8.4464073  0.0502932  0.0502932
