GENERAL: LMX=2  NSPIN=1   WSR= 2.831544  REL=T  NR=331  A=.030
   Z=25  QC=18  QTOT= 0.176048

 ETOT  =  -2313.9044109  EKIN =    2340.5219299  UTOT =  -4654.4169321
 EMAD  =     -0.0094087  SUMEC=   -1358.1247198  SUMEV=     -1.6467693
 RHOV  =  -3700.2934189  UNUCL=   -5542.5282470  UELEC=    989.2164001
 RHOEPS=   -101.1050852  REPSNL=      0.0000000  RHOMU=   -133.5069397
 RMUNL =      0.0000000

MOMNTS:  Mn1   VRMAX= -0.750298
 L      PL         Q0         Q1         Q2   IDMOD     DL
 0  4.6510900  0.6223355 -0.0144614  0.0149816  0  -0.5138465
 1  4.3932228  0.8035175 -0.0126907  0.0170402  0   0.3486263
 2  3.7696773  5.7501949  0.0312545  0.0681500  0  -1.1319621
COR:
  331    1     0.03000    5
 0.000000000D+00 3.388929044D-06 1.364348338D-05 3.120097051D-05 5.660558515D-05
 9.045080415D-05 1.334053102D-04 1.861805700D-04 2.495437589D-04 3.243172813D-04
 4.113814203D-04 5.116773402D-04 6.262104174D-04 7.560538935D-04 9.023528293D-04
 1.066328350D-03 1.249282184D-03 1.452601499D-03 1.677764050D-03 1.926343640D-03
 2.200015925D-03 2.500564563D-03 2.829887733D-03 3.190005044D-03 3.583064849D-03
 4.011351988D-03 4.477295990D-03 4.983479746D-03 5.532648684D-03 6.127720484D-03
 6.771795342D-03 7.468166827D-03 8.220333358D-03 9.032010341D-03 9.907142984D-03
 1.084991985D-02 1.186478717D-02 1.295646394D-02 1.412995792D-02 1.539058246D-02
 1.674397431D-02 1.819611237D-02 1.975333755D-02 2.142237363D-02 2.321034933D-02
 2.512482154D-02 2.717379986D-02 2.936577242D-02 3.170973306D-02 3.421521008D-02
 3.689229638D-02 3.975168128D-02 4.280468400D-02 4.606328886D-02 4.954018235D-02
 5.324879208D-02 5.720332772D-02 6.141882410D-02 6.591118638D-02 7.069723758D-02
 7.579476841D-02 8.122258958D-02 8.700058671D-02 9.314977781D-02 9.969237362D-02
 1.066518408D-01 1.140529678D-01 1.219219346D-01 1.302863844D-01 1.391754999D-01
 1.486200818D-01 1.586526318D-01 1.693074383D-01 1.806206663D-01 1.926304512D-01
 2.053769956D-01 2.189026713D-01 2.332521241D-01 2.484723834D-01 2.646129758D-01
 2.817260423D-01 2.998664608D-01 3.190919717D-01 3.394633080D-01 3.610443303D-01
 3.839021643D-01 4.081073445D-01 4.337339594D-01 4.608598028D-01 4.895665269D-01
 5.199397999D-01 5.520694663D-01 5.860497099D-01 6.219792201D-01 6.599613590D-01
 7.001043313D-01 7.425213545D-01 7.873308298D-01 8.346565127D-01 8.846276827D-01
 9.373793108D-01 9.930522243D-01 1.051793268D+00 1.113755457D+00 1.179098131D+00
 1.247987090D+00 1.320594727D+00 1.397100150D+00 1.477689286D+00 1.562554972D+00
 1.651897032D+00 1.745922325D+00 1.844844777D+00 1.948885389D+00 2.058272208D+00
 2.173240272D+00 2.294031520D+00 2.420894658D+00 2.554084985D+00 2.693864170D+00
 2.840499977D+00 2.994265934D+00 3.155440938D+00 3.324308794D+00 3.501157684D+00
 3.686279552D+00 3.879969411D+00 4.082524555D+00 4.294243679D+00 4.515425896D+00
 4.746369643D+00 4.987371472D+00 5.238724726D+00 5.500718080D+00 5.773633950D+00
 6.057746773D+00 6.353321125D+00 6.660609708D+00 6.979851174D+00 7.311267790D+00
 7.655062953D+00 8.011418538D+00 8.380492080D+00 8.762413809D+00 9.157283514D+00
 9.565167262D+00 9.986093965D+00 1.042005181D+01 1.086698458D+01 1.132678780D+01
 1.179930491D+01 1.228432320D+01 1.278156985D+01 1.329070784D+01 1.381133191D+01
 1.434296460D+01 1.488505229D+01 1.543696144D+01 1.599797502D+01 1.656728914D+01
 1.714400999D+01 1.772715118D+01 1.831563145D+01 1.890827300D+01 1.950380031D+01
 2.010083969D+01 2.069791960D+01 2.129347182D+01 2.188583357D+01 2.247325066D+01
 2.305388186D+01 2.362580435D+01 2.418702068D+01 2.473546697D+01 2.526902269D+01
 2.578552198D+01 2.628276651D+01 2.675854008D+01 2.721062481D+01 2.763681906D+01
 2.803495696D+01 2.840292958D+01 2.873870761D+01 2.904036546D+01 2.930610666D+01
 2.953429032D+01 2.972345849D+01 2.987236411D+01 2.997999927D+01 3.004562340D+01
 3.006879097D+01 3.004937838D+01 2.998760940D+01 2.988407869D+01 2.973977295D+01
 2.955608894D+01 2.933484793D+01 2.907830584D+01 2.878915861D+01 2.847054200D+01
 2.812602544D+01 2.775959927D+01 2.737565502D+01 2.697895809D+01 2.657461286D+01
 2.616801973D+01 2.576482414D+01 2.537085768D+01 2.499207141D+01 2.463446186D+01
 2.430399030D+01 2.400649591D+01 2.374760412D+01 2.353263089D+01 2.336648460D+01
 2.325356695D+01 2.319767458D+01 2.320190323D+01 2.326855649D+01 2.339906111D+01
 2.359389108D+01 2.385250239D+01 2.417328088D+01 2.455350482D+01 2.498932437D+01
 2.547575938D+01 2.600671713D+01 2.657503093D+01 2.717252055D+01 2.779007468D+01
 2.841775544D+01 2.904492434D+01 2.966038868D+01 3.025256671D+01 3.080966958D+01
 3.131989740D+01 3.177164624D+01 3.215372267D+01 3.245556165D+01 3.266744366D+01
 3.278070640D+01 3.278794615D+01 3.268320413D+01 3.246213293D+01 3.212213825D+01
 3.166249155D+01 3.108440955D+01 3.039109687D+01 2.958774937D+01 2.868151507D+01
 2.768141234D+01 2.659820454D+01 2.544423189D+01 2.423320264D+01 2.297994657D+01
 2.170013498D+01 2.040997289D+01 1.912586991D+01 1.786409744D+01 1.664044055D+01
 1.546985386D+01 1.436613055D+01 1.334159432D+01 1.240682323D+01 1.157041420D+01
 1.083879561D+01 1.021609419D+01 9.704060885D+00 9.302058267D+00 9.007110438D+00
 8.814014076D+00 8.715507536D+00 8.702492993D+00 8.764304973D+00 8.889017149D+00
 9.063778011D+00 9.275165053D+00 9.509546467D+00 9.753439049D+00 9.993851177D+00
 1.021860031D+01 1.041659549D+01 1.057807677D+01 1.069480523D+01 1.076019942D+01
 1.076941567D+01 1.071937412D+01 1.060872914D+01 1.043779195D+01 1.020840910D+01
 9.923804372D+00 9.588391900D+00 9.207568774D+00 8.787495659D+00 8.334873490D+00
 7.856723812D+00 7.360179477D+00 6.852291396D+00 6.339855902D+00 5.829266110D+00
 5.326389480D+00 4.836472662D+00 4.364073696D+00 3.913020678D+00 3.486395292D+00
 3.086538923D+00 2.715078617D+00 2.372969810D+00 2.060552562D+00 1.777617942D+00
 1.523481305D+00 1.297059315D+00 1.096947841D+00 9.214981639D-01 7.688892938D-01
 6.371946289D-01 5.244415999D-01 4.286633908D-01 3.479422424D-01 2.804442334D-01
 2.244457746D-01 1.783523367D-01 1.407101468D-01 1.102117385D-01 8.569632190D-02
 6.614596189D-02 5.067852741D-02 3.853830925D-02 2.908510767D-02 2.178246132D-02
 1.618566581D-02
SUMEC
 0.000000000D+00
EC
-4.709302118D+02-5.410205396D+01-5.833321934D+00-4.583402229D+01-3.564901755D+00
POT:
  331    1     0.03000     2.83154
 1.729492933D+02 1.733111284D+02 1.736897835D+02 1.739132514D+02 1.740745278D+02
 1.742043889D+02 1.743122612D+02 1.744053323D+02 1.744875908D+02 1.745616354D+02
 1.746292431D+02 1.746916811D+02 1.747498856D+02 1.748045674D+02 1.748562799D+02
 1.749054620D+02 1.749524684D+02 1.749975894D+02 1.750410666D+02 1.750831026D+02
 1.751238697D+02 1.751635156D+02 1.752021678D+02 1.752399377D+02 1.752769231D+02
 1.753132102D+02 1.753488760D+02 1.753839893D+02 1.754186120D+02 1.754528001D+02
 1.754866047D+02 1.755200724D+02 1.755532459D+02 1.755861647D+02 1.756188654D+02
 1.756513820D+02 1.756837462D+02 1.757159878D+02 1.757481348D+02 1.757802137D+02
 1.758122494D+02 1.758442658D+02 1.758762857D+02 1.759083306D+02 1.759404213D+02
 1.759725780D+02 1.760048198D+02 1.760371654D+02 1.760696329D+02 1.761022397D+02
 1.761350029D+02 1.761679390D+02 1.762010643D+02 1.762343946D+02 1.762679454D+02
 1.763017318D+02 1.763357688D+02 1.763700709D+02 1.764046527D+02 1.764395281D+02
 1.764747111D+02 1.765102154D+02 1.765460545D+02 1.765822417D+02 1.766187900D+02
 1.766557122D+02 1.766930211D+02 1.767307290D+02 1.767688482D+02 1.768073905D+02
 1.768463678D+02 1.768857914D+02 1.769256726D+02 1.769660222D+02 1.770068507D+02
 1.770481685D+02 1.770899852D+02 1.771323104D+02 1.771751531D+02 1.772185218D+02
 1.772624245D+02 1.773068688D+02 1.773518616D+02 1.773974091D+02 1.774435170D+02
 1.774901901D+02 1.775374324D+02 1.775852472D+02 1.776336367D+02 1.776826022D+02
 1.777321440D+02 1.777822611D+02 1.778329514D+02 1.778842114D+02 1.779360362D+02
 1.779884195D+02 1.780413532D+02 1.780948278D+02 1.781488316D+02 1.782033511D+02
 1.782583709D+02 1.783138730D+02 1.783698375D+02 1.784262416D+02 1.784830601D+02
 1.785402650D+02 1.785978251D+02 1.786557063D+02 1.787138710D+02 1.787722782D+02
 1.788308832D+02 1.788896373D+02 1.789484877D+02 1.790073772D+02 1.790662441D+02
 1.791250220D+02 1.791836393D+02 1.792420191D+02 1.793000792D+02 1.793577313D+02
 1.794148812D+02 1.794714284D+02 1.795272657D+02 1.795822790D+02 1.796363471D+02
 1.796893413D+02 1.797411252D+02 1.797915542D+02 1.798404756D+02 1.798877278D+02
 1.799331406D+02 1.799765344D+02 1.800177201D+02 1.800564990D+02 1.800926622D+02
 1.801259907D+02 1.801562550D+02 1.801832148D+02 1.802066188D+02 1.802262049D+02
 1.802416993D+02 1.802528172D+02 1.802592619D+02 1.802607255D+02 1.802568883D+02
 1.802474189D+02 1.802319747D+02 1.802102012D+02 1.801817329D+02 1.801461932D+02
 1.801031945D+02 1.800523391D+02 1.799932187D+02 1.799254158D+02 1.798485038D+02
 1.797620474D+02 1.796656041D+02 1.795587241D+02 1.794409517D+02 1.793118263D+02
 1.791708834D+02 1.790176557D+02 1.788516743D+02 1.786724705D+02 1.784795767D+02
 1.782725285D+02 1.780508658D+02 1.778141350D+02 1.775618907D+02 1.772936972D+02
 1.770091310D+02 1.767077825D+02 1.763892578D+02 1.760531812D+02 1.756991970D+02
 1.753269715D+02 1.749361950D+02 1.745265837D+02 1.740978817D+02 1.736498624D+02
 1.731823302D+02 1.726951220D+02 1.721881081D+02 1.716611934D+02 1.711143174D+02
 1.705474554D+02 1.699606174D+02 1.693538483D+02 1.687272267D+02 1.680808633D+02
 1.674148994D+02 1.667295041D+02 1.660248715D+02 1.653012171D+02 1.645587739D+02
 1.637977878D+02 1.630185127D+02 1.622212050D+02 1.614061181D+02 1.605734965D+02
 1.597235705D+02 1.588565497D+02 1.579726190D+02 1.570719334D+02 1.561546152D+02
 1.552207519D+02 1.542703959D+02 1.533035668D+02 1.523202551D+02 1.513204294D+02
 1.503040459D+02 1.492710595D+02 1.482214385D+02 1.471551794D+02 1.460723229D+02
 1.449729685D+02 1.438572884D+02 1.427255365D+02 1.415780542D+02 1.404152696D+02
 1.392376923D+02 1.380459010D+02 1.368405271D+02 1.356222341D+02 1.343916953D+02
 1.331495706D+02 1.318964847D+02 1.306330092D+02 1.293596478D+02 1.280768269D+02
 1.267848918D+02 1.254841079D+02 1.241746670D+02 1.228566978D+02 1.215302799D+02
 1.201954609D+02 1.188522748D+02 1.175007610D+02 1.161409845D+02 1.147730537D+02
 1.133971386D+02 1.120134851D+02 1.106224283D+02 1.092244017D+02 1.078199438D+02
 1.064097005D+02 1.049944241D+02 1.035749682D+02 1.021522786D+02 1.007273807D+02
 9.930136250D+01 9.787535506D+01 9.645050933D+01 9.502797067D+01 9.360885148D+01
 9.219420295D+01 9.078498697D+01 8.938204960D+01 8.798609810D+01 8.659768345D+01
 8.521719127D+01 8.384484360D+01 8.248071450D+01 8.112476122D+01 7.977687103D+01
 7.843692128D+01 7.710484623D+01 7.578070112D+01 7.446471138D+01 7.315729618D+01
 7.185905950D+01 7.057074929D+01 6.929319229D+01 6.802721763D+01 6.677358302D+01
 6.553291497D+01 6.430566960D+01 6.309211571D+01 6.189233768D+01 6.070625387D+01
 5.953364529D+01 5.837418998D+01 5.722749888D+01 5.609315056D+01 5.497072271D+01
 5.385981916D+01 5.276009185D+01 5.167125759D+01 5.059310960D+01 4.952552421D+01
 4.846846320D+01 4.742197219D+01 4.638617573D+01 4.536126976D+01 4.434751187D+01
 4.334521006D+01 4.235471056D+01 4.137638511D+01 4.041061828D+01 3.945779521D+01
 3.851829002D+01 3.759245535D+01 3.668061317D+01 3.578304703D+01 3.489999598D+01
 3.403165029D+01 3.317814884D+01 3.233957848D+01 3.151597521D+01 3.070732707D+01
 2.991357869D+01 2.913463721D+01 2.837037915D+01 2.762065773D+01 2.688531000D+01
 2.616416299D+01 2.545703831D+01 2.476375459D+01 2.408412756D+01 2.341796795D+01
 2.276507763D+01 2.212524484D+01 2.149823912D+01 2.088380701D+01 2.028166873D+01
 1.969151652D+01 1.911301446D+01 1.854579975D+01 1.798948525D+01 1.744366354D+01
 1.690791116D+01

PPAR:  Mn1   VES=  0.017460
 L       ENU        C       +/-DEL   1/SQRT(P)     GAMMA      ALPHA
 0 -0.4592278 -0.2869895 -0.1724569  4.4554539  0.4490959  0.4490959
 1 -0.3281748  0.6237545  0.1756142  5.8449041  0.1317524  0.1317524
 2 -0.1908250 -0.1087704  0.0172820  0.7492547  0.0018069  0.0018069
