GENERAL: LMX=2  NSPIN=1   WSR= 2.831544  REL=T  NR=331  A=.030
   Z=25  QC=18  QTOT= 0.226765

 ETOT  =  -2313.8929961  EKIN =    2340.6400562  UTOT =  -4654.5148758
 EMAD  =     -0.0181765  SUMEC=   -1358.0778591  SUMEV=     -1.6687870
 RHOV  =  -3700.3867023  UNUCL=   -5543.9462812  UELEC=    990.5903006
 RHOEPS=   -101.1588952  REPSNL=      0.0000000  RHOMU=   -133.5768766
 RMUNL =      0.0000000

MOMNTS:  Mn2   VRMAX= -0.769646
 L      PL         Q0         Q1         Q2   IDMOD     DL
 0  4.6584165  0.6294796 -0.0152562  0.0154438  0  -0.5432939
 1  4.4002728  0.8171334 -0.0106051  0.0171869  0   0.3239724
 2  3.7726774  5.7801524  0.0309282  0.0682177  0  -1.1536960
COR:
  331    1     0.03000    5
 0.000000000D+00 3.388912352D-06 1.364341618D-05 3.120081683D-05 5.660530634D-05
 9.045035863D-05 1.334046531D-04 1.861796529D-04 2.495425297D-04 3.243156837D-04
 4.113793938D-04 5.116748196D-04 6.262073324D-04 7.560501688D-04 9.023483837D-04
 1.066323096D-03 1.249276029D-03 1.452594342D-03 1.677755783D-03 1.926334148D-03
 2.200005084D-03 2.500552240D-03 2.829873787D-03 3.189989323D-03 3.583047189D-03
 4.011332217D-03 4.477273922D-03 4.983455181D-03 5.532621411D-03 6.127690276D-03
 6.771761957D-03 7.468130006D-03 8.220292827D-03 9.031965805D-03 9.907094131D-03
 1.084986634D-02 1.186472865D-02 1.295640004D-02 1.412988822D-02 1.539050654D-02
 1.674389171D-02 1.819602260D-02 1.975324010D-02 2.142226793D-02 2.321023480D-02
 2.512469756D-02 2.717366576D-02 2.936562749D-02 3.170957655D-02 3.421504119D-02
 3.689211426D-02 3.975148504D-02 4.280447267D-02 4.606306143D-02 4.953993774D-02
 5.324852913D-02 5.720304522D-02 6.141852076D-02 6.591086083D-02 7.069688837D-02
 7.579439399D-02 8.122218832D-02 8.700015686D-02 9.314931755D-02 9.969188100D-02
 1.066513137D-01 1.140524041D-01 1.219213320D-01 1.302857404D-01 1.391748119D-01
 1.486193471D-01 1.586518474D-01 1.693066012D-01 1.806197732D-01 1.926294986D-01
 2.053759799D-01 2.189015887D-01 2.332509704D-01 2.484711544D-01 2.646116668D-01
 2.817246486D-01 2.998649773D-01 3.190903929D-01 3.394616283D-01 3.610425437D-01
 3.839002645D-01 4.081053247D-01 4.337318127D-01 4.608575217D-01 4.895641035D-01
 5.199372260D-01 5.520667331D-01 5.860468083D-01 6.219761404D-01 6.599580911D-01
 7.001008644D-01 7.425176772D-01 7.873269303D-01 8.346523785D-01 8.846233007D-01
 9.373746672D-01 9.930473045D-01 1.051788056D+00 1.113749938D+00 1.179092288D+00
 1.247980905D+00 1.320588182D+00 1.397093225D+00 1.477681961D+00 1.562547226D+00
 1.651888842D+00 1.745913668D+00 1.844835629D+00 1.948875724D+00 2.058261999D+00
 2.173229491D+00 2.294020139D+00 2.420882646D+00 2.554072311D+00 2.693850800D+00
 2.840485877D+00 2.994251069D+00 3.155425270D+00 3.324292285D+00 3.501140293D+00
 3.686261238D+00 3.879950130D+00 4.082504262D+00 4.294222329D+00 4.515403440D+00
 4.746346032D+00 4.987346655D+00 5.238698649D+00 5.500690689D+00 5.773605189D+00
 6.057716584D+00 6.353289449D+00 6.660576484D+00 6.979816339D+00 7.311231281D+00
 7.655024704D+00 8.011378481D+00 8.380450147D+00 8.762369931D+00 9.157237620D+00
 9.565119280D+00 9.986043822D+00 1.041999943D+01 1.086692989D+01 1.132673073D+01
 1.179924537D+01 1.228426112D+01 1.278150515D+01 1.329064044D+01 1.381126174D+01
 1.434289157D+01 1.488497632D+01 1.543688246D+01 1.599789294D+01 1.656720389D+01
 1.714392148D+01 1.772705933D+01 1.831553618D+01 1.890817423D+01 1.950369795D+01
 2.010073366D+01 2.069780982D+01 2.129335819D+01 2.188571600D+01 2.247312906D+01
 2.305375612D+01 2.362567438D+01 2.418688636D+01 2.473532818D+01 2.526887931D+01
 2.578537387D+01 2.628261351D+01 2.675838202D+01 2.721046150D+01 2.763665030D+01
 2.803478252D+01 2.840274921D+01 2.873852101D+01 2.904017232D+01 2.930590662D+01
 2.953408298D+01 2.972324341D+01 2.987214079D+01 2.997976715D+01 3.004538186D+01
 3.006853934D+01 3.004911590D+01 2.998733522D+01 2.988379191D+01 2.973947255D+01
 2.955577383D+01 2.933451691D+01 2.907795762D+01 2.878879178D+01 2.847015505D+01
 2.812561674D+01 2.775916710D+01 2.737519753D+01 2.697847335D+01 2.657409883D+01
 2.616747427D+01 2.576424504D+01 2.537024265D+01 2.499141811D+01 2.463376791D+01
 2.430325330D+01 2.400571348D+01 2.374677391D+01 2.353175063D+01 2.336555212D+01
 2.325258024D+01 2.319663181D+01 2.320080281D+01 2.326739712D+01 2.339784185D+01
 2.359261136D+01 2.385116212D+01 2.417188048D+01 2.455204526D+01 2.498780726D+01
 2.547418700D+01 2.600509249D+01 2.657335780D+01 2.717080350D+01 2.778831910D+01
 2.841596755D+01 2.904311120D+01 2.965855815D+01 3.025072743D+01 3.080783092D+01
 3.131806936D+01 3.176983939D+01 3.215194798D+01 3.245383039D+01 3.266576719D+01
 3.277909600D+01 3.278641279D+01 3.268175824D+01 3.246078414D+01 3.212089510D+01
 3.166136124D+01 3.108339763D+01 3.039020696D+01 2.958698286D+01 2.868087089D+01
 2.768088671D+01 2.659779073D+01 2.544392009D+01 2.423297985D+01 2.297979650D+01
 2.170003811D+01 2.040990655D+01 1.912580846D+01 1.786401250D+01 1.664030141D+01
 1.546962786D+01 1.436578368D+01 1.334109177D+01 1.240613013D+01 1.156949634D+01
 1.083762026D+01 1.021463093D+01 9.702282424D+00 9.299941315D+00 9.004636479D+00
 8.811170115D+00 8.712286759D+00 8.698895311D+00 8.760337447D+00 8.884694257D+00
 9.059121745D+00 9.270204842D+00 9.504318898D+00 9.747987407D+00 9.988224791D+00
 1.021285372D+01 1.041078747D+01 1.057226918D+01 1.068906181D+01 1.075458447D+01
 1.076399270D+01 1.071420449D+01 1.060387080D+01 1.043329816D+01 1.020432734D+01
 9.920175367D+00 9.585248787D+00 9.204936505D+00 8.785390583D+00 8.333303152D+00
 7.855686973D+00 7.359666343D+00 6.852284045D+00 6.340328898D+00 5.830187277D+00
 5.327720818D+00 4.838171368D+00 4.366093260D+00 3.915312030D+00 3.488907952D+00
 3.089222136D+00 2.717882436D+00 2.375846100D+00 2.063455896D+00 1.780506382D+00
 1.526317035D+00 1.299809130D+00 1.099583479D+00 9.239964800D-01 7.712322883D-01
 6.393693289D-01 5.264398150D-01 4.304813575D-01 3.495801790D-01 2.819058267D-01
 2.257376246D-01 1.794833819D-01 1.416910941D-01 1.110545180D-01 8.641358385D-02
 6.675062937D-02 5.118341339D-02 3.895580262D-02 2.942692907D-02 2.205948585D-02
 1.640780743D-02
SUMEC
 0.000000000D+00
EC
-4.709268734D+02-5.409833128D+01-5.831625379D+00-4.583033406D+01-3.563698768D+00
POT:
  331    1     0.03000     2.83154
 1.729525702D+02 1.733144055D+02 1.736930608D+02 1.739165288D+02 1.740778053D+02
 1.742076664D+02 1.743155388D+02 1.744086099D+02 1.744908685D+02 1.745649131D+02
 1.746325208D+02 1.746949589D+02 1.747531633D+02 1.748078452D+02 1.748595577D+02
 1.749087399D+02 1.749557462D+02 1.750008673D+02 1.750443445D+02 1.750863805D+02
 1.751271477D+02 1.751667935D+02 1.752054458D+02 1.752432157D+02 1.752802011D+02
 1.753164882D+02 1.753521541D+02 1.753872674D+02 1.754218901D+02 1.754560782D+02
 1.754898829D+02 1.755233505D+02 1.755565240D+02 1.755894429D+02 1.756221436D+02
 1.756546601D+02 1.756870244D+02 1.757192660D+02 1.757514130D+02 1.757834919D+02
 1.758155277D+02 1.758475441D+02 1.758795640D+02 1.759116089D+02 1.759436997D+02
 1.759758563D+02 1.760080982D+02 1.760404438D+02 1.760729113D+02 1.761055181D+02
 1.761382813D+02 1.761712175D+02 1.762043428D+02 1.762376731D+02 1.762712239D+02
 1.763050103D+02 1.763390473D+02 1.763733495D+02 1.764079312D+02 1.764428067D+02
 1.764779897D+02 1.765134940D+02 1.765493332D+02 1.765855204D+02 1.766220687D+02
 1.766589909D+02 1.766962998D+02 1.767340078D+02 1.767721269D+02 1.768106693D+02
 1.768496466D+02 1.768890702D+02 1.769289514D+02 1.769693010D+02 1.770101296D+02
 1.770514473D+02 1.770932641D+02 1.771355893D+02 1.771784320D+02 1.772218007D+02
 1.772657035D+02 1.773101478D+02 1.773551406D+02 1.774006882D+02 1.774467960D+02
 1.774934691D+02 1.775407114D+02 1.775885262D+02 1.776369158D+02 1.776858813D+02
 1.777354231D+02 1.777855402D+02 1.778362305D+02 1.778874905D+02 1.779393154D+02
 1.779916987D+02 1.780446325D+02 1.780981070D+02 1.781521108D+02 1.782066304D+02
 1.782616501D+02 1.783171523D+02 1.783731168D+02 1.784295209D+02 1.784863394D+02
 1.785435443D+02 1.786011044D+02 1.786589856D+02 1.787171504D+02 1.787755576D+02
 1.788341626D+02 1.788929167D+02 1.789517670D+02 1.790106565D+02 1.790695235D+02
 1.791283014D+02 1.791869187D+02 1.792452985D+02 1.793033586D+02 1.793610107D+02
 1.794181606D+02 1.794747077D+02 1.795305450D+02 1.795855583D+02 1.796396264D+02
 1.796926206D+02 1.797444044D+02 1.797948334D+02 1.798437548D+02 1.798910070D+02
 1.799364198D+02 1.799798135D+02 1.800209991D+02 1.800597779D+02 1.800959411D+02
 1.801292696D+02 1.801595338D+02 1.801864935D+02 1.802098975D+02 1.802294835D+02
 1.802449779D+02 1.802560956D+02 1.802625403D+02 1.802640038D+02 1.802601664D+02
 1.802506970D+02 1.802352526D+02 1.802134790D+02 1.801850106D+02 1.801494707D+02
 1.801064720D+02 1.800556163D+02 1.799964958D+02 1.799286928D+02 1.798517806D+02
 1.797653241D+02 1.796688806D+02 1.795620004D+02 1.794442278D+02 1.793151023D+02
 1.791741592D+02 1.790209312D+02 1.788549497D+02 1.786757457D+02 1.784828517D+02
 1.782758033D+02 1.780541404D+02 1.778174095D+02 1.775651650D+02 1.772969714D+02
 1.770124050D+02 1.767110563D+02 1.763925315D+02 1.760564549D+02 1.757024706D+02
 1.753302451D+02 1.749394686D+02 1.745298573D+02 1.741011554D+02 1.736531361D+02
 1.731856041D+02 1.726983962D+02 1.721913826D+02 1.716644683D+02 1.711175928D+02
 1.705507314D+02 1.699638941D+02 1.693571258D+02 1.687305051D+02 1.680841427D+02
 1.674181801D+02 1.667327861D+02 1.660281551D+02 1.653045024D+02 1.645620612D+02
 1.638010773D+02 1.630218046D+02 1.622244996D+02 1.614094156D+02 1.605767973D+02
 1.597268748D+02 1.588598580D+02 1.579759315D+02 1.570752505D+02 1.561579373D+02
 1.552240793D+02 1.542737291D+02 1.533069060D+02 1.523236008D+02 1.513237821D+02
 1.503074057D+02 1.492744270D+02 1.482248140D+02 1.471585633D+02 1.460757154D+02
 1.449763700D+02 1.438606991D+02 1.427289567D+02 1.415814841D+02 1.404187095D+02
 1.392411424D+02 1.380493615D+02 1.368439982D+02 1.356257162D+02 1.343951886D+02
 1.331530752D+02 1.319000010D+02 1.306365375D+02 1.293631883D+02 1.280803800D+02
 1.267884579D+02 1.254876872D+02 1.241782598D+02 1.228603044D+02 1.215339006D+02
 1.201990960D+02 1.188559243D+02 1.175044252D+02 1.161446633D+02 1.147767473D+02
 1.134008469D+02 1.120172079D+02 1.106261653D+02 1.092281525D+02 1.078237080D+02
 1.064134776D+02 1.049982134D+02 1.035787689D+02 1.021560898D+02 1.007312013D+02
 9.930519136D+01 9.787919089D+01 9.645435072D+01 9.503181610D+01 9.361269932D+01
 9.219805150D+01 9.078883442D+01 8.938589409D+01 8.798993772D+01 8.660151628D+01
 8.522101537D+01 8.384865707D+01 8.248451551D+01 8.112854800D+01 7.978064192D+01
 7.844067471D+01 7.710858073D+01 7.578441525D+01 7.446840369D+01 7.316096516D+01
 7.186270352D+01 7.057436649D+01 6.929678056D+01 6.803077457D+01 6.677710591D+01
 6.553640076D+01 6.430911494D+01 6.309551691D+01 6.189569072D+01 6.070955439D+01
 5.953688859D+01 5.837737097D+01 5.723061206D+01 5.609618999D+01 5.497368194D+01
 5.386269122D+01 5.276286916D+01 5.167393193D+01 5.059567203D+01 4.952796507D+01
 4.847077198D+01 4.742413750D+01 4.638818527D+01 4.536311022D+01 4.434916889D+01
 4.334666817D+01 4.235595310D+01 4.137739419D+01 4.041137472D+01 3.945827849D+01
 3.851847822D+01 3.759232513D+01 3.668013970D+01 3.578220405D+01 3.489875581D+01
 3.402998386D+01 3.317602588D+01 3.233696769D+01 3.151284451D+01 3.070364399D+01
 2.990931083D+01 2.912975273D+01 2.836484740D+01 2.761444982D+01 2.687839937D+01
 2.615652588D+01 2.544865409D+01 2.475460590D+01 2.407420029D+01 2.340725105D+01
 2.275356288D+01 2.211292652D+01 2.148511383D+01 2.086987359D+01 2.026692840D+01
 1.967597320D+01 1.909667537D+01 1.852867629D+01 1.797159407D+01 1.742502793D+01
 1.688856268D+01

PPAR:  Mn2   VES= -0.000140
 L       ENU        C       +/-DEL   1/SQRT(P)     GAMMA      ALPHA
 0 -0.4606376 -0.2992086 -0.1727871  4.4481578  0.4489001  0.4489001
 1 -0.3285364  0.6109685  0.1756245  5.8322679  0.1316267  0.1316267
 2 -0.1920998 -0.1102252  0.0175442  0.7523536  0.0015485  0.0015485
