GENERAL: LMX=2  NSPIN=1   WSR= 2.576304  REL=T  NR=333  A=.030
   Z=28  QC=18  QTOT=-0.105209

 ETOT  =  -3037.6188497  EKIN =    3083.7986432  UTOT =  -6121.4133995
 EMAD  =     -0.0040934  SUMEC=   -1758.4383599  SUMEV=     -2.3691192
 RHOV  =  -4844.6061223  UNUCL=   -7312.4422789  UELEC=   1314.1927480
 RHOEPS=   -123.1638686  REPSNL=      0.0000000  RHOMU=   -162.7199656
 RMUNL =      0.0000000

MOMNTS:  Ni    VRMAX= -0.779639
 L      PL         Q0         Q1         Q2   IDMOD     DL
 0  4.6807976  0.5965966 -0.0172415  0.0223717  0  -0.6381399
 1  4.4110594  0.6615264 -0.0003453  0.0178203  0   0.2869211
 2  3.8576880  8.6366684  0.0317860  0.0573211  0  -2.0856506
COR:
  333    1     0.03000    5
 0.000000000D+00 3.827132745D-06 1.531375275D-05 3.489375991D-05 6.314069820D-05
 1.006871830D-04 1.482512091D-04 2.065989939D-04 2.765580962D-04 3.590165269D-04
 4.549253398D-04 5.653016854D-04 6.912322677D-04 8.338771797D-04 9.944740816D-04
 1.174342706D-03 1.374889686D-03 1.597613710D-03 1.844111015D-03 2.116081214D-03
 2.415333504D-03 2.743793230D-03 3.103508857D-03 3.496659357D-03 3.925562025D-03
 4.392680758D-03 4.900634826D-03 5.452208137D-03 6.050359055D-03 6.698230773D-03
 7.399162288D-03 8.156700005D-03 8.974609999D-03 9.856890980D-03 1.080778799D-02
 1.183180688D-02 1.293372960D-02 1.411863031D-02 1.539189249D-02 1.675922689D-02
 1.822669056D-02 1.980070688D-02 2.148808671D-02 2.329605074D-02 2.523225299D-02
 2.730480568D-02 2.952230533D-02 3.189386037D-02 3.442912022D-02 3.713830586D-02
 4.003224210D-02 4.312239149D-02 4.642089011D-02 4.994058511D-02 5.369507431D-02
 5.769874775D-02 6.196683151D-02 6.651543361D-02 7.136159232D-02 7.652332691D-02
 8.201969092D-02 8.787082801D-02 9.409803063D-02 1.007238015D-01 1.077719182D-01
 1.152675005D-01 1.232370810D-01 1.317086798D-01 1.407118810D-01 1.502779145D-01
 1.604397403D-01 1.712321369D-01 1.826917936D-01 1.948574069D-01 2.077697807D-01
 2.214719308D-01 2.360091939D-01 2.514293407D-01 2.677826934D-01 2.851222482D-01
 3.035038016D-01 3.229860819D-01 3.436308855D-01 3.655032169D-01 3.886714344D-01
 4.132074001D-01 4.391866338D-01 4.666884726D-01 4.957962333D-01 5.265973809D-01
 5.591836989D-01 5.936514655D-01 6.301016317D-01 6.686400032D-01 7.093774254D-01
 7.524299695D-01 7.979191220D-01 8.459719737D-01 8.967214105D-01 9.503063030D-01
 1.006871695D+00 1.066568992D+00 1.129556141D+00 1.195997813D+00 1.266065573D+00
 1.339938048D+00 1.417801083D+00 1.499847888D+00 1.586279170D+00 1.677303253D+00
 1.773136178D+00 1.874001788D+00 1.980131784D+00 2.091765761D+00 2.209151215D+00
 2.332543513D+00 2.462205836D+00 2.598409073D+00 2.741431681D+00 2.891559486D+00
 3.049085443D+00 3.214309326D+00 3.387537370D+00 3.569081824D+00 3.759260452D+00
 3.958395936D+00 4.166815205D+00 4.384848659D+00 4.612829305D+00 4.851091780D+00
 5.099971262D+00 5.359802259D+00 5.630917275D+00 5.913645340D+00 6.208310394D+00
 6.515229533D+00 6.834711093D+00 7.167052575D+00 7.512538409D+00 7.871437546D+00
 8.244000870D+00 8.630458444D+00 9.031016569D+00 9.445854660D+00 9.875121958D+00
 1.031893405D+01 1.077736922D+01 1.125046465D+01 1.173821246D+01 1.224055559D+01
 1.275738355D+01 1.328852813D+01 1.383375892D+01 1.439277886D+01 1.496521967D+01
 1.555063743D+01 1.614850803D+01 1.675822282D+01 1.737908444D+01 1.801030269D+01
 1.865099084D+01 1.930016217D+01 1.995672690D+01 2.061948967D+01 2.128714751D+01
 2.195828852D+01 2.263139127D+01 2.330482505D+01 2.397685109D+01 2.464562478D+01
 2.530919913D+01 2.596552940D+01 2.661247918D+01 2.724782789D+01 2.786927987D+01
 2.847447508D+01 2.906100160D+01 2.962640986D+01 3.016822875D+01 3.068398359D+01
 3.117121597D+01 3.162750549D+01 3.205049326D+01 3.243790723D+01 3.278758900D+01
 3.309752225D+01 3.336586228D+01 3.359096674D+01 3.377142690D+01 3.390609951D+01
 3.399413840D+01 3.403502594D+01 3.402860325D+01 3.397509919D+01 3.387515706D+01
 3.372985878D+01 3.354074559D+01 3.330983482D+01 3.303963183D+01 3.273313665D+01
 3.239384435D+01 3.202573877D+01 3.163327876D+01 3.122137648D+01 3.079536729D+01
 3.036097078D+01 2.992424275D+01 2.949151798D+01 2.906934382D+01 2.866440495D+01
 2.828343946D+01 2.793314726D+01 2.762009123D+01 2.735059261D+01 2.713062163D+01
 2.696568504D+01 2.686071230D+01 2.681994232D+01 2.684681294D+01 2.694385536D+01
 2.711259604D+01 2.735346834D+01 2.766573668D+01 2.804743535D+01 2.849532470D+01
 2.900486667D+01 2.957022186D+01 3.018426978D+01 3.083865377D+01 3.152385142D+01
 3.222927121D+01 3.294337515D+01 3.365382701D+01 3.434766476D+01 3.501149559D+01
 3.563171089D+01 3.619471812D+01 3.668718593D+01 3.709629804D+01 3.741001137D+01
 3.761731278D+01 3.770846911D+01 3.767526462D+01 3.751121959D+01 3.721178439D+01
 3.677450310D+01 3.619914121D+01 3.548777221D+01 3.464481942D+01 3.367704832D+01
 3.259350797D+01 3.140541956D+01 3.012601216D+01 2.877030678D+01 2.735485170D+01
 2.589741313D+01 2.441662717D+01 2.293162021D+01 2.146160651D+01 2.002547277D+01
 1.864136043D+01 1.732625726D+01 1.609560982D+01 1.496296856D+01 1.393967655D+01
 1.303461184D+01 1.225399212D+01 1.160124842D+01 1.107697250D+01 1.067894019D+01
 1.040221049D+01 1.023929777D+01 1.018041200D+01 1.021375955D+01 1.032589534D+01
 1.050211494D+01 1.072687427D+01 1.098422319D+01 1.125823899D+01 1.153344582D+01
 1.179520675D+01 1.203007625D+01 1.222610276D+01 1.237307314D+01 1.246269303D+01
 1.248869997D+01 1.244691048D+01 1.233519959D+01 1.215342149D+01 1.190327574D+01
 1.158812793D+01 1.121279408D+01 1.078329889D+01 1.030661801D+01 9.790414272D+00
 9.242777101D+00 8.671973313D+00 8.086216278D+00 7.493459073D+00 6.901215772D+00
 6.316413594D+00 5.745277242D+00 5.193245535D+00 4.664919292D+00 4.164038523D+00
 3.693486213D+00 3.255315446D+00 2.850796220D+00 2.480478118D+00 2.144264938D+00
 1.841497486D+00 1.571040946D+00 1.331373540D+00 1.120673578D+00 9.369024282D-01
 7.778814143D-01 6.413611149D-01 5.250820169D-01 4.268259277D-01 3.444579593D-01
 2.759592603D-01 2.194509766D-01 1.732101608D-01 1.356785246D-01 1.054650411D-01
 8.134345001D-02 6.224572112D-02 4.725248197D-02 3.558133567D-02 2.657389256D-02
 1.968222052D-02 1.445524858D-02 1.052568346D-02
SUMEC
 0.000000000D+00
EC
-6.016512508D+02-7.144686823D+01-7.586124954D+00-6.147014912D+01-4.708163063D+00
POT:
  333    1     0.03000     2.57630
 2.050282787D+02 2.055506931D+02 2.060995365D+02 2.064229213D+02 2.066555247D+02
 2.068416758D+02 2.069960801D+02 2.071289957D+02 2.072462186D+02 2.073515143D+02
 2.074474556D+02 2.075358764D+02 2.076181304D+02 2.076952454D+02 2.077680204D+02
 2.078370892D+02 2.079029632D+02 2.079660611D+02 2.080267304D+02 2.080852627D+02
 2.081419053D+02 2.081968702D+02 2.082503400D+02 2.083024739D+02 2.083534114D+02
 2.084032755D+02 2.084521754D+02 2.085002087D+02 2.085474629D+02 2.085940170D+02
 2.086399426D+02 2.086853051D+02 2.087301642D+02 2.087745746D+02 2.088185871D+02
 2.088622485D+02 2.089056024D+02 2.089486895D+02 2.089915478D+02 2.090342132D+02
 2.090767193D+02 2.091190980D+02 2.091613796D+02 2.092035928D+02 2.092457650D+02
 2.092879224D+02 2.093300902D+02 2.093722924D+02 2.094145525D+02 2.094568927D+02
 2.094993348D+02 2.095418999D+02 2.095846085D+02 2.096274803D+02 2.096705347D+02
 2.097137907D+02 2.097572667D+02 2.098009806D+02 2.098449502D+02 2.098891928D+02
 2.099337252D+02 2.099785642D+02 2.100237259D+02 2.100692265D+02 2.101150817D+02
 2.101613067D+02 2.102079169D+02 2.102549270D+02 2.103023515D+02 2.103502048D+02
 2.103985006D+02 2.104472526D+02 2.104964741D+02 2.105461780D+02 2.105963767D+02
 2.106470824D+02 2.106983068D+02 2.107500611D+02 2.108023561D+02 2.108552020D+02
 2.109086084D+02 2.109625845D+02 2.110171387D+02 2.110722786D+02 2.111280113D+02
 2.111843429D+02 2.112412788D+02 2.112988234D+02 2.113569799D+02 2.114157509D+02
 2.114751373D+02 2.115351393D+02 2.115957554D+02 2.116569828D+02 2.117188173D+02
 2.117812530D+02 2.118442823D+02 2.119078956D+02 2.119720817D+02 2.120368270D+02
 2.121021159D+02 2.121679302D+02 2.122342494D+02 2.123010502D+02 2.123683066D+02
 2.124359895D+02 2.125040667D+02 2.125725026D+02 2.126412579D+02 2.127102899D+02
 2.127795515D+02 2.128489917D+02 2.129185551D+02 2.129881815D+02 2.130578059D+02
 2.131273581D+02 2.131967625D+02 2.132659379D+02 2.133347972D+02 2.134032469D+02
 2.134711871D+02 2.135385110D+02 2.136051048D+02 2.136708473D+02 2.137356094D+02
 2.137992540D+02 2.138616358D+02 2.139226006D+02 2.139819851D+02 2.140396170D+02
 2.140953140D+02 2.141488839D+02 2.142001243D+02 2.142488220D+02 2.142947530D+02
 2.143376820D+02 2.143773623D+02 2.144135353D+02 2.144459304D+02 2.144742648D+02
 2.144982433D+02 2.145175578D+02 2.145318879D+02 2.145408997D+02 2.145442467D+02
 2.145415693D+02 2.145324948D+02 2.145166377D+02 2.144935993D+02 2.144629686D+02
 2.144243218D+02 2.143772232D+02 2.143212252D+02 2.142558686D+02 2.141806837D+02
 2.140951904D+02 2.139988992D+02 2.138913115D+02 2.137719214D+02 2.136402156D+02
 2.134956753D+02 2.133377772D+02 2.131659945D+02 2.129797987D+02 2.127786609D+02
 2.125620534D+02 2.123294515D+02 2.120803355D+02 2.118141922D+02 2.115305173D+02
 2.112288172D+02 2.109086114D+02 2.105694342D+02 2.102108378D+02 2.098323936D+02
 2.094336952D+02 2.090143603D+02 2.085740327D+02 2.081123851D+02 2.076291203D+02
 2.071239737D+02 2.065967148D+02 2.060471487D+02 2.054751174D+02 2.048805008D+02
 2.042632173D+02 2.036232244D+02 2.029605179D+02 2.022751323D+02 2.015671389D+02
 2.008366447D+02 2.000837903D+02 1.993087468D+02 1.985117129D+02 1.976929112D+02
 1.968525830D+02 1.959909844D+02 1.951083797D+02 1.942050365D+02 1.932812189D+02
 1.923371815D+02 1.913731631D+02 1.903893805D+02 1.893860233D+02 1.883632491D+02
 1.873211802D+02 1.862599017D+02 1.851794614D+02 1.840798725D+02 1.829611186D+02
 1.818231610D+02 1.806659496D+02 1.794894358D+02 1.782935879D+02 1.770784078D+02
 1.758439477D+02 1.745903264D+02 1.733177431D+02 1.720264870D+02 1.707169428D+02
 1.693895894D+02 1.680449923D+02 1.666837909D+02 1.653066793D+02 1.639143836D+02
 1.625076379D+02 1.610871585D+02 1.596536212D+02 1.582076413D+02 1.567497586D+02
 1.552804277D+02 1.538000138D+02 1.523087955D+02 1.508069715D+02 1.492946730D+02
 1.477719798D+02 1.462389387D+02 1.446955843D+02 1.431419604D+02 1.415781413D+02
 1.400042521D+02 1.384204873D+02 1.368271268D+02 1.352245492D+02 1.336132409D+02
 1.319938020D+02 1.303669473D+02 1.287335033D+02 1.270944009D+02 1.254506625D+02
 1.238033866D+02 1.221537264D+02 1.205028668D+02 1.188519970D+02 1.172022814D+02
 1.155548303D+02 1.139106698D+02 1.122707149D+02 1.106357459D+02 1.090063919D+02
 1.073831237D+02 1.057662579D+02 1.041559757D+02 1.025523561D+02 1.009554231D+02
 9.936520313D+01 9.778178539D+01 9.620537598D+01 9.463633536D+01 9.307519077D+01
 9.152261942D+01 8.997940467D+01 8.844637310D+01 8.692432402D+01 8.541396330D+01
 8.391585111D+01 8.243036906D+01 8.095770800D+01 7.949787459D+01 7.805071260D+01
 7.661593439D+01 7.519315802D+01 7.378194626D+01 7.238184434D+01 7.099241456D+01
 6.961326620D+01 6.824407985D+01 6.688462617D+01 6.553477869D+01 6.419452116D+01
 6.286394980D+01 6.154327100D+01 6.023279513D+01 5.893292716D+01 5.764415471D+01
 5.636703427D+01 5.510217618D+01 5.385022907D+01 5.261186419D+01 5.138776022D+01
 5.017858887D+01 4.898500169D+01 4.780761835D+01 4.664701650D+01 4.550372347D+01
 4.437820972D+01 4.327088418D+01 4.218209141D+01 4.111211037D+01 4.006115489D+01
 3.902937549D+01 3.801686250D+01 3.702365009D+01 3.604972115D+01 3.509501262D+01
 3.415942098D+01 3.324280765D+01 3.234500394D+01 3.146581540D+01 3.060502524D+01
 2.976239691D+01 2.893767558D+01 2.813058897D+01 2.734084734D+01 2.656814317D+01
 2.581215072D+01 2.507252557D+01 2.434890459D+01 2.364090619D+01 2.294813120D+01
 2.227016411D+01 2.160657510D+01 2.095692211D+01

PPAR:  Ni    VES= -0.003860
 L       ENU        C       +/-DEL   1/SQRT(P)     GAMMA      ALPHA
 0 -0.4747639 -0.3286387 -0.1817663  5.0116464  0.4056775  0.4056775
 1 -0.3302973  0.7459736  0.1532342  6.7543511  0.0977225  0.0977225
 2 -0.2162150 -0.1878706  0.0097796  0.7595295 -0.0019763 -0.0019763
