                     13 13 13  0.0000  0.0833  0.0000  0.0833  0.0000  0.0833=78
   13   13
 -99.99999 -10.29700  -1.40386  -0.64530  -1.16449
  -6.87793 -99.99999  -6.87793  -1.16449  -0.64530
  -1.40386 -10.29700 -99.99999 -10.29700  -3.78240
  -1.05386  -0.59565  -0.90800  -2.77020  -6.87475
  -2.77020  -0.90800  -0.59565  -1.05386  -3.78240
 -10.29700  -1.40386  -1.05386  -0.66127  -0.54642
  -0.60973  -0.89498  -1.14704  -0.89498  -0.60973
  -0.54642  -0.66127  -1.05386  -1.40386  -0.64530
  -0.59565  -0.54642  -0.54019  -0.52016  -0.54123
  -0.57636  -0.54123  -0.52016  -0.54019  -0.54642
  -0.59565  -0.64530  -1.16449  -0.90800  -0.60973
  -0.52016  -0.57513  -0.84017  -1.08044  -0.84017
  -0.57513  -0.52016  -0.60973  -0.90800  -1.16449
  -6.87793  -2.77020  -0.89498  -0.54123  -0.84017
  -2.58748  -6.25551  -2.58748  -0.84017  -0.54123
  -0.89498  -2.77020  -6.87793 -99.99999  -6.87475
  -1.14704  -0.57636  -1.08044  -6.25551 -99.99999
  -6.25551  -1.08044  -0.57636  -1.14704  -6.87475
 -99.99999  -6.87793  -2.77020  -0.89498  -0.54123
  -0.84017  -2.58748  -6.25551  -2.58748  -0.84017
  -0.54123  -0.89498  -2.77020  -6.87793  -1.16449
  -0.90800  -0.60973  -0.52016  -0.57513  -0.84017
  -1.08044  -0.84017  -0.57513  -0.52016  -0.60973
  -0.90800  -1.16449  -0.64530  -0.59565  -0.54642
  -0.54019  -0.52016  -0.54123  -0.57636  -0.54123
  -0.52016  -0.54019  -0.54642  -0.59565  -0.64530
  -1.40386  -1.05386  -0.66127  -0.54642  -0.60973
  -0.89498  -1.14704  -0.89498  -0.60973  -0.54642
  -0.66127  -1.05386  -1.40386 -10.29700  -3.78240
  -1.05386  -0.59565  -0.90800  -2.77020  -6.87475
  -2.77020  -0.90800  -0.59565  -1.05386  -3.78240
 -10.29700 -99.99999 -10.29700  -1.40386  -0.64530
  -1.16449  -6.87793 -99.99999  -6.87793  -1.16449
  -0.64530  -1.40386 -10.29700 -99.99999 -10.29700
  -3.78240  -1.05386  -0.59565  -0.90800  -2.77020
  -6.87475  -2.77020  -0.90800  -0.59565  -1.05386
  -3.78240 -10.29700  -3.78240  -2.11968  -0.89591
  -0.62702  -0.79948  -1.66425  -2.76741  -1.66425
  -0.79948  -0.62702  -0.89591  -2.11968  -3.78240
  -1.05386  -0.89591  -0.78855  -0.82152  -0.74904
  -0.78836  -0.89309  -0.78836  -0.74904  -0.82152
  -0.78855  -0.89591  -1.05386  -0.59565  -0.62702
  -0.82152  -1.01647  -0.79963  -0.58268  -0.54018
  -0.58268  -0.79963  -1.01647  -0.82152  -0.62702
  -0.59565  -0.90800  -0.79948  -0.74904  -0.79963
  -0.72060  -0.74356  -0.83967  -0.74356  -0.72060
  -0.79963  -0.74904  -0.79948  -0.90800  -2.77020
  -1.66425  -0.78836  -0.58268  -0.74356  -1.56541
  -2.58724  -1.56541  -0.74356  -0.58268  -0.78836
  -1.66425  -2.77020  -6.87475  -2.76741  -0.89309
  -0.54018  -0.83967  -2.58724  -6.25535  -2.58724
  -0.83967  -0.54018  -0.89309  -2.76741  -6.87475
  -2.77020  -1.66425  -0.78836  -0.58268  -0.74356
  -1.56541  -2.58724  -1.56541  -0.74356  -0.58268
  -0.78836  -1.66425  -2.77020  -0.90800  -0.79948
  -0.74904  -0.79963  -0.72060  -0.74356  -0.83967
  -0.74356  -0.72060  -0.79963  -0.74904  -0.79948
  -0.90800  -0.59565  -0.62702  -0.82152  -1.01647
  -0.79963  -0.58268  -0.54018  -0.58268  -0.79963
  -1.01647  -0.82152  -0.62702  -0.59565  -1.05386
  -0.89591  -0.78855  -0.82152  -0.74904  -0.78836
  -0.89309  -0.78836  -0.74904  -0.82152  -0.78855
  -0.89591  -1.05386  -3.78240  -2.11968  -0.89591
  -0.62702  -0.79948  -1.66425  -2.76741  -1.66425
  -0.79948  -0.62702  -0.89591  -2.11968  -3.78240
 -10.29700  -3.78240  -1.05386  -0.59565  -0.90800
  -2.77020  -6.87475  -2.77020  -0.90800  -0.59565
  -1.05386  -3.78240 -10.29700  -1.40386  -1.05386
  -0.66127  -0.54642  -0.60973  -0.89498  -1.14704
  -0.89498  -0.60973  -0.54642  -0.66127  -1.05386
  -1.40386  -1.05386  -0.89591  -0.78855  -0.82152
  -0.74904  -0.78836  -0.89309  -0.78836  -0.74904
  -0.82152  -0.78855  -0.89591  -1.05386  -0.66127
  -0.78855  -1.50904  -2.48666  -1.48756  -0.74188
  -0.60016  -0.74188  -1.48756  -2.48666  -1.50904
  -0.78855  -0.66127  -0.54642  -0.82152  -2.48666
  -6.28150  -2.47342  -0.79593  -0.51521  -0.79593
  -2.47342  -6.28150  -2.48666  -0.82152  -0.54642
  -0.60973  -0.74904  -1.48756  -2.47342  -1.47231
  -0.71892  -0.57289  -0.71892  -1.47231  -2.47342
  -1.48756  -0.74904  -0.60973  -0.89498  -0.78836
  -0.74188  -0.79593  -0.71892  -0.74281  -0.83917
  -0.74281  -0.71892  -0.79593  -0.74188  -0.78836
  -0.89498  -1.14704  -0.89309  -0.60016  -0.51521
  -0.57289  -0.83917  -1.07978  -0.83917  -0.57289
  -0.51521  -0.60016  -0.89309  -1.14704  -0.89498
  -0.78836  -0.74188  -0.79593  -0.71892  -0.74281
  -0.83917  -0.74281  -0.71892  -0.79593  -0.74188
  -0.78836  -0.89498  -0.60973  -0.74904  -1.48756
  -2.47342  -1.47231  -0.71892  -0.57289  -0.71892
  -1.47231  -2.47342  -1.48756  -0.74904  -0.60973
  -0.54642  -0.82152  -2.48666  -6.28150  -2.47342
  -0.79593  -0.51521  -0.79593  -2.47342  -6.28150
  -2.48666  -0.82152  -0.54642  -0.66127  -0.78855
  -1.50904  -2.48666  -1.48756  -0.74188  -0.60016
  -0.74188  -1.48756  -2.48666  -1.50904  -0.78855
  -0.66127  -1.05386  -0.89591  -0.78855  -0.82152
  -0.74904  -0.78836  -0.89309  -0.78836  -0.74904
  -0.82152  -0.78855  -0.89591  -1.05386  -1.40386
  -1.05386  -0.66127  -0.54642  -0.60973  -0.89498
  -1.14704  -0.89498  -0.60973  -0.54642  -0.66127
  -1.05386  -1.40386  -0.64530  -0.59565  -0.54642
  -0.54019  -0.52016  -0.54123  -0.57636  -0.54123
  -0.52016  -0.54019  -0.54642  -0.59565  -0.64530
  -0.59565  -0.62702  -0.82152  -1.01647  -0.79963
  -0.58268  -0.54018  -0.58268  -0.79963  -1.01647
  -0.82152  -0.62702  -0.59565  -0.54642  -0.82152
  -2.48666  -6.28150  -2.47342  -0.79593  -0.51521
  -0.79593  -2.47342  -6.28150  -2.48666  -0.82152
  -0.54642  -0.54019  -1.01647  -6.28150 -99.99999
  -6.27511  -1.00465  -0.52610  -1.00465  -6.27511
 -99.99999  -6.28150  -1.01647  -0.54019  -0.52016
  -0.79963  -2.47342  -6.27511  -2.47071  -0.79477
  -0.51446  -0.79477  -2.47071  -6.27511  -2.47342
  -0.79963  -0.52016  -0.54123  -0.58268  -0.79593
  -1.00465  -0.79477  -0.58065  -0.53887  -0.58065
  -0.79477  -1.00465  -0.79593  -0.58268  -0.54123
  -0.57636  -0.54018  -0.51521  -0.52610  -0.51446
  -0.53887  -0.57486  -0.53887  -0.51446  -0.52610
  -0.51521  -0.54018  -0.57636  -0.54123  -0.58268
  -0.79593  -1.00465  -0.79477  -0.58065  -0.53887
  -0.58065  -0.79477  -1.00465  -0.79593  -0.58268
  -0.54123  -0.52016  -0.79963  -2.47342  -6.27511
  -2.47071  -0.79477  -0.51446  -0.79477  -2.47071
  -6.27511  -2.47342  -0.79963  -0.52016  -0.54019
  -1.01647  -6.28150 -99.99999  -6.27511  -1.00465
  -0.52610  -1.00465  -6.27511 -99.99999  -6.28150
  -1.01647  -0.54019  -0.54642  -0.82152  -2.48666
  -6.28150  -2.47342  -0.79593  -0.51521  -0.79593
  -2.47342  -6.28150  -2.48666  -0.82152  -0.54642
  -0.59565  -0.62702  -0.82152  -1.01647  -0.79963
  -0.58268  -0.54018  -0.58268  -0.79963  -1.01647
  -0.82152  -0.62702  -0.59565  -0.64530  -0.59565
  -0.54642  -0.54019  -0.52016  -0.54123  -0.57636
  -0.54123  -0.52016  -0.54019  -0.54642  -0.59565
  -0.64530  -1.16449  -0.90800  -0.60973  -0.52016
  -0.57513  -0.84017  -1.08044  -0.84017  -0.57513
  -0.52016  -0.60973  -0.90800  -1.16449  -0.90800
  -0.79948  -0.74904  -0.79963  -0.72060  -0.74356
  -0.83967  -0.74356  -0.72060  -0.79963  -0.74904
  -0.79948  -0.90800  -0.60973  -0.74904  -1.48756
  -2.47342  -1.47231  -0.71892  -0.57289  -0.71892
  -1.47231  -2.47342  -1.48756  -0.74904  -0.60973
  -0.52016  -0.79963  -2.47342  -6.27511  -2.47071
  -0.79477  -0.51446  -0.79477  -2.47071  -6.27511
  -2.47342  -0.79963  -0.52016  -0.57513  -0.72060
  -1.47231  -2.47071  -1.48131  -0.73936  -0.59857
  -0.73936  -1.48131  -2.47071  -1.47231  -0.72060
  -0.57513  -0.84017  -0.74356  -0.71892  -0.79477
  -0.73936  -0.78466  -0.89082  -0.78466  -0.73936
  -0.79477  -0.71892  -0.74356  -0.84017  -1.08044
  -0.83967  -0.57289  -0.51446  -0.59857  -0.89082
  -1.14451  -0.89082  -0.59857  -0.51446  -0.57289
  -0.83967  -1.08044  -0.84017  -0.74356  -0.71892
  -0.79477  -0.73936  -0.78466  -0.89082  -0.78466
  -0.73936  -0.79477  -0.71892  -0.74356  -0.84017
  -0.57513  -0.72060  -1.47231  -2.47071  -1.48131
  -0.73936  -0.59857  -0.73936  -1.48131  -2.47071
  -1.47231  -0.72060  -0.57513  -0.52016  -0.79963
  -2.47342  -6.27511  -2.47071  -0.79477  -0.51446
  -0.79477  -2.47071  -6.27511  -2.47342  -0.79963
  -0.52016  -0.60973  -0.74904  -1.48756  -2.47342
  -1.47231  -0.71892  -0.57289  -0.71892  -1.47231
  -2.47342  -1.48756  -0.74904  -0.60973  -0.90800
  -0.79948  -0.74904  -0.79963  -0.72060  -0.74356
  -0.83967  -0.74356  -0.72060  -0.79963  -0.74904
  -0.79948  -0.90800  -1.16449  -0.90800  -0.60973
  -0.52016  -0.57513  -0.84017  -1.08044  -0.84017
  -0.57513  -0.52016  -0.60973  -0.90800  -1.16449
  -6.87793  -2.77020  -0.89498  -0.54123  -0.84017
  -2.58748  -6.25551  -2.58748  -0.84017  -0.54123
  -0.89498  -2.77020  -6.87793  -2.77020  -1.66425
  -0.78836  -0.58268  -0.74356  -1.56541  -2.58724
  -1.56541  -0.74356  -0.58268  -0.78836  -1.66425
  -2.77020  -0.89498  -0.78836  -0.74188  -0.79593
  -0.71892  -0.74281  -0.83917  -0.74281  -0.71892
  -0.79593  -0.74188  -0.78836  -0.89498  -0.54123
  -0.58268  -0.79593  -1.00465  -0.79477  -0.58065
  -0.53887  -0.58065  -0.79477  -1.00465  -0.79593
  -0.58268  -0.54123  -0.84017  -0.74356  -0.71892
  -0.79477  -0.73936  -0.78466  -0.89082  -0.78466
  -0.73936  -0.79477  -0.71892  -0.74356  -0.84017
  -2.58748  -1.56541  -0.74281  -0.58065  -0.78466
  -1.65900  -2.76431  -1.65900  -0.78466  -0.58065
  -0.74281  -1.56541  -2.58748  -6.25551  -2.58724
  -0.83917  -0.53887  -0.89082  -2.76431  -6.87132
  -2.76431  -0.89082  -0.53887  -0.83917  -2.58724
  -6.25551  -2.58748  -1.56541  -0.74281  -0.58065
  -0.78466  -1.65900  -2.76431  -1.65900  -0.78466
  -0.58065  -0.74281  -1.56541  -2.58748  -0.84017
  -0.74356  -0.71892  -0.79477  -0.73936  -0.78466
  -0.89082  -0.78466  -0.73936  -0.79477  -0.71892
  -0.74356  -0.84017  -0.54123  -0.58268  -0.79593
  -1.00465  -0.79477  -0.58065  -0.53887  -0.58065
  -0.79477  -1.00465  -0.79593  -0.58268  -0.54123
  -0.89498  -0.78836  -0.74188  -0.79593  -0.71892
  -0.74281  -0.83917  -0.74281  -0.71892  -0.79593
  -0.74188  -0.78836  -0.89498  -2.77020  -1.66425
  -0.78836  -0.58268  -0.74356  -1.56541  -2.58724
  -1.56541  -0.74356  -0.58268  -0.78836  -1.66425
  -2.77020  -6.87793  -2.77020  -0.89498  -0.54123
  -0.84017  -2.58748  -6.25551  -2.58748  -0.84017
  -0.54123  -0.89498  -2.77020  -6.87793 -99.99999
  -6.87475  -1.14704  -0.57636  -1.08044  -6.25551
 -99.99999  -6.25551  -1.08044  -0.57636  -1.14704
  -6.87475 -99.99999  -6.87475  -2.76741  -0.89309
  -0.54018  -0.83967  -2.58724  -6.25535  -2.58724
  -0.83967  -0.54018  -0.89309  -2.76741  -6.87475
  -1.14704  -0.89309  -0.60016  -0.51521  -0.57289
  -0.83917  -1.07978  -0.83917  -0.57289  -0.51521
  -0.60016  -0.89309  -1.14704  -0.57636  -0.54018
  -0.51521  -0.52610  -0.51446  -0.53887  -0.57486
  -0.53887  -0.51446  -0.52610  -0.51521  -0.54018
  -0.57636  -1.08044  -0.83967  -0.57289  -0.51446
  -0.59857  -0.89082  -1.14451  -0.89082  -0.59857
  -0.51446  -0.57289  -0.83967  -1.08044  -6.25551
  -2.58724  -0.83917  -0.53887  -0.89082  -2.76431
  -6.87132  -2.76431  -0.89082  -0.53887  -0.83917
  -2.58724  -6.25551 -99.99999  -6.25535  -1.07978
  -0.57486  -1.14451  -6.87132 -99.99999  -6.87132
  -1.14451  -0.57486  -1.07978  -6.25535 -99.99999
  -6.25551  -2.58724  -0.83917  -0.53887  -0.89082
  -2.76431  -6.87132  -2.76431  -0.89082  -0.53887
  -0.83917  -2.58724  -6.25551  -1.08044  -0.83967
  -0.57289  -0.51446  -0.59857  -0.89082  -1.14451
  -0.89082  -0.59857  -0.51446  -0.57289  -0.83967
  -1.08044  -0.57636  -0.54018  -0.51521  -0.52610
  -0.51446  -0.53887  -0.57486  -0.53887  -0.51446
  -0.52610  -0.51521  -0.54018  -0.57636  -1.14704
  -0.89309  -0.60016  -0.51521  -0.57289  -0.83917
  -1.07978  -0.83917  -0.57289  -0.51521  -0.60016
  -0.89309  -1.14704  -6.87475  -2.76741  -0.89309
  -0.54018  -0.83967  -2.58724  -6.25535  -2.58724
  -0.83967  -0.54018  -0.89309  -2.76741  -6.87475
 -99.99999  -6.87475  -1.14704  -0.57636  -1.08044
  -6.25551 -99.99999  -6.25551  -1.08044  -0.57636
  -1.14704  -6.87475 -99.99999  -6.87793  -2.77020
  -0.89498  -0.54123  -0.84017  -2.58748  -6.25551
  -2.58748  -0.84017  -0.54123  -0.89498  -2.77020
  -6.87793  -2.77020  -1.66425  -0.78836  -0.58268
  -0.74356  -1.56541  -2.58724  -1.56541  -0.74356
  -0.58268  -0.78836  -1.66425  -2.77020  -0.89498
  -0.78836  -0.74188  -0.79593  -0.71892  -0.74281
  -0.83917  -0.74281  -0.71892  -0.79593  -0.74188
  -0.78836  -0.89498  -0.54123  -0.58268  -0.79593
  -1.00465  -0.79477  -0.58065  -0.53887  -0.58065
  -0.79477  -1.00465  -0.79593  -0.58268  -0.54123
  -0.84017  -0.74356  -0.71892  -0.79477  -0.73936
  -0.78466  -0.89082  -0.78466  -0.73936  -0.79477
  -0.71892  -0.74356  -0.84017  -2.58748  -1.56541
  -0.74281  -0.58065  -0.78466  -1.65900  -2.76431
  -1.65900  -0.78466  -0.58065  -0.74281  -1.56541
  -2.58748  -6.25551  -2.58724  -0.83917  -0.53887
  -0.89082  -2.76431  -6.87132  -2.76431  -0.89082
  -0.53887  -0.83917  -2.58724  -6.25551  -2.58748
  -1.56541  -0.74281  -0.58065  -0.78466  -1.65900
  -2.76431  -1.65900  -0.78466  -0.58065  -0.74281
  -1.56541  -2.58748  -0.84017  -0.74356  -0.71892
  -0.79477  -0.73936  -0.78466  -0.89082  -0.78466
  -0.73936  -0.79477  -0.71892  -0.74356  -0.84017
  -0.54123  -0.58268  -0.79593  -1.00465  -0.79477
  -0.58065  -0.53887  -0.58065  -0.79477  -1.00465
  -0.79593  -0.58268  -0.54123  -0.89498  -0.78836
  -0.74188  -0.79593  -0.71892  -0.74281  -0.83917
  -0.74281  -0.71892  -0.79593  -0.74188  -0.78836
  -0.89498  -2.77020  -1.66425  -0.78836  -0.58268
  -0.74356  -1.56541  -2.58724  -1.56541  -0.74356
  -0.58268  -0.78836  -1.66425  -2.77020  -6.87793
  -2.77020  -0.89498  -0.54123  -0.84017  -2.58748
  -6.25551  -2.58748  -0.84017  -0.54123  -0.89498
  -2.77020  -6.87793  -1.16449  -0.90800  -0.60973
  -0.52016  -0.57513  -0.84017  -1.08044  -0.84017
  -0.57513  -0.52016  -0.60973  -0.90800  -1.16449
  -0.90800  -0.79948  -0.74904  -0.79963  -0.72060
  -0.74356  -0.83967  -0.74356  -0.72060  -0.79963
  -0.74904  -0.79948  -0.90800  -0.60973  -0.74904
  -1.48756  -2.47342  -1.47231  -0.71892  -0.57289
  -0.71892  -1.47231  -2.47342  -1.48756  -0.74904
  -0.60973  -0.52016  -0.79963  -2.47342  -6.27511
  -2.47071  -0.79477  -0.51446  -0.79477  -2.47071
  -6.27511  -2.47342  -0.79963  -0.52016  -0.57513
  -0.72060  -1.47231  -2.47071  -1.48131  -0.73936
  -0.59857  -0.73936  -1.48131  -2.47071  -1.47231
  -0.72060  -0.57513  -0.84017  -0.74356  -0.71892
  -0.79477  -0.73936  -0.78466  -0.89082  -0.78466
  -0.73936  -0.79477  -0.71892  -0.74356  -0.84017
  -1.08044  -0.83967  -0.57289  -0.51446  -0.59857
  -0.89082  -1.14451  -0.89082  -0.59857  -0.51446
  -0.57289  -0.83967  -1.08044  -0.84017  -0.74356
  -0.71892  -0.79477  -0.73936  -0.78466  -0.89082
  -0.78466  -0.73936  -0.79477  -0.71892  -0.74356
  -0.84017  -0.57513  -0.72060  -1.47231  -2.47071
  -1.48131  -0.73936  -0.59857  -0.73936  -1.48131
  -2.47071  -1.47231  -0.72060  -0.57513  -0.52016
  -0.79963  -2.47342  -6.27511  -2.47071  -0.79477
  -0.51446  -0.79477  -2.47071  -6.27511  -2.47342
  -0.79963  -0.52016  -0.60973  -0.74904  -1.48756
  -2.47342  -1.47231  -0.71892  -0.57289  -0.71892
  -1.47231  -2.47342  -1.48756  -0.74904  -0.60973
  -0.90800  -0.79948  -0.74904  -0.79963  -0.72060
  -0.74356  -0.83967  -0.74356  -0.72060  -0.79963
  -0.74904  -0.79948  -0.90800  -1.16449  -0.90800
  -0.60973  -0.52016  -0.57513  -0.84017  -1.08044
  -0.84017  -0.57513  -0.52016  -0.60973  -0.90800
  -1.16449  -0.64530  -0.59565  -0.54642  -0.54019
  -0.52016  -0.54123  -0.57636  -0.54123  -0.52016
  -0.54019  -0.54642  -0.59565  -0.64530  -0.59565
  -0.62702  -0.82152  -1.01647  -0.79963  -0.58268
  -0.54018  -0.58268  -0.79963  -1.01647  -0.82152
  -0.62702  -0.59565  -0.54642  -0.82152  -2.48666
  -6.28150  -2.47342  -0.79593  -0.51521  -0.79593
  -2.47342  -6.28150  -2.48666  -0.82152  -0.54642
  -0.54019  -1.01647  -6.28150 -99.99999  -6.27511
  -1.00465  -0.52610  -1.00465  -6.27511 -99.99999
  -6.28150  -1.01647  -0.54019  -0.52016  -0.79963
  -2.47342  -6.27511  -2.47071  -0.79477  -0.51446
  -0.79477  -2.47071  -6.27511  -2.47342  -0.79963
  -0.52016  -0.54123  -0.58268  -0.79593  -1.00465
  -0.79477  -0.58065  -0.53887  -0.58065  -0.79477
  -1.00465  -0.79593  -0.58268  -0.54123  -0.57636
  -0.54018  -0.51521  -0.52610  -0.51446  -0.53887
  -0.57486  -0.53887  -0.51446  -0.52610  -0.51521
  -0.54018  -0.57636  -0.54123  -0.58268  -0.79593
  -1.00465  -0.79477  -0.58065  -0.53887  -0.58065
  -0.79477  -1.00465  -0.79593  -0.58268  -0.54123
  -0.52016  -0.79963  -2.47342  -6.27511  -2.47071
  -0.79477  -0.51446  -0.79477  -2.47071  -6.27511
  -2.47342  -0.79963  -0.52016  -0.54019  -1.01647
  -6.28150 -99.99999  -6.27511  -1.00465  -0.52610
  -1.00465  -6.27511 -99.99999  -6.28150  -1.01647
  -0.54019  -0.54642  -0.82152  -2.48666  -6.28150
  -2.47342  -0.79593  -0.51521  -0.79593  -2.47342
  -6.28150  -2.48666  -0.82152  -0.54642  -0.59565
  -0.62702  -0.82152  -1.01647  -0.79963  -0.58268
  -0.54018  -0.58268  -0.79963  -1.01647  -0.82152
  -0.62702  -0.59565  -0.64530  -0.59565  -0.54642
  -0.54019  -0.52016  -0.54123  -0.57636  -0.54123
  -0.52016  -0.54019  -0.54642  -0.59565  -0.64530
  -1.40386  -1.05386  -0.66127  -0.54642  -0.60973
  -0.89498  -1.14704  -0.89498  -0.60973  -0.54642
  -0.66127  -1.05386  -1.40386  -1.05386  -0.89591
  -0.78855  -0.82152  -0.74904  -0.78836  -0.89309
  -0.78836  -0.74904  -0.82152  -0.78855  -0.89591
  -1.05386  -0.66127  -0.78855  -1.50904  -2.48666
  -1.48756  -0.74188  -0.60016  -0.74188  -1.48756
  -2.48666  -1.50904  -0.78855  -0.66127  -0.54642
  -0.82152  -2.48666  -6.28150  -2.47342  -0.79593
  -0.51521  -0.79593  -2.47342  -6.28150  -2.48666
  -0.82152  -0.54642  -0.60973  -0.74904  -1.48756
  -2.47342  -1.47231  -0.71892  -0.57289  -0.71892
  -1.47231  -2.47342  -1.48756  -0.74904  -0.60973
  -0.89498  -0.78836  -0.74188  -0.79593  -0.71892
  -0.74281  -0.83917  -0.74281  -0.71892  -0.79593
  -0.74188  -0.78836  -0.89498  -1.14704  -0.89309
  -0.60016  -0.51521  -0.57289  -0.83917  -1.07978
  -0.83917  -0.57289  -0.51521  -0.60016  -0.89309
  -1.14704  -0.89498  -0.78836  -0.74188  -0.79593
  -0.71892  -0.74281  -0.83917  -0.74281  -0.71892
  -0.79593  -0.74188  -0.78836  -0.89498  -0.60973
  -0.74904  -1.48756  -2.47342  -1.47231  -0.71892
  -0.57289  -0.71892  -1.47231  -2.47342  -1.48756
  -0.74904  -0.60973  -0.54642  -0.82152  -2.48666
  -6.28150  -2.47342  -0.79593  -0.51521  -0.79593
  -2.47342  -6.28150  -2.48666  -0.82152  -0.54642
  -0.66127  -0.78855  -1.50904  -2.48666  -1.48756
  -0.74188  -0.60016  -0.74188  -1.48756  -2.48666
  -1.50904  -0.78855  -0.66127  -1.05386  -0.89591
  -0.78855  -0.82152  -0.74904  -0.78836  -0.89309
  -0.78836  -0.74904  -0.82152  -0.78855  -0.89591
  -1.05386  -1.40386  -1.05386  -0.66127  -0.54642
  -0.60973  -0.89498  -1.14704  -0.89498  -0.60973
  -0.54642  -0.66127  -1.05386  -1.40386 -10.29700
  -3.78240  -1.05386  -0.59565  -0.90800  -2.77020
  -6.87475  -2.77020  -0.90800  -0.59565  -1.05386
  -3.78240 -10.29700  -3.78240  -2.11968  -0.89591
  -0.62702  -0.79948  -1.66425  -2.76741  -1.66425
  -0.79948  -0.62702  -0.89591  -2.11968  -3.78240
  -1.05386  -0.89591  -0.78855  -0.82152  -0.74904
  -0.78836  -0.89309  -0.78836  -0.74904  -0.82152
  -0.78855  -0.89591  -1.05386  -0.59565  -0.62702
  -0.82152  -1.01647  -0.79963  -0.58268  -0.54018
  -0.58268  -0.79963  -1.01647  -0.82152  -0.62702
  -0.59565  -0.90800  -0.79948  -0.74904  -0.79963
  -0.72060  -0.74356  -0.83967  -0.74356  -0.72060
  -0.79963  -0.74904  -0.79948  -0.90800  -2.77020
  -1.66425  -0.78836  -0.58268  -0.74356  -1.56541
  -2.58724  -1.56541  -0.74356  -0.58268  -0.78836
  -1.66425  -2.77020  -6.87475  -2.76741  -0.89309
  -0.54018  -0.83967  -2.58724  -6.25535  -2.58724
  -0.83967  -0.54018  -0.89309  -2.76741  -6.87475
  -2.77020  -1.66425  -0.78836  -0.58268  -0.74356
  -1.56541  -2.58724  -1.56541  -0.74356  -0.58268
  -0.78836  -1.66425  -2.77020  -0.90800  -0.79948
  -0.74904  -0.79963  -0.72060  -0.74356  -0.83967
  -0.74356  -0.72060  -0.79963  -0.74904  -0.79948
  -0.90800  -0.59565  -0.62702  -0.82152  -1.01647
  -0.79963  -0.58268  -0.54018  -0.58268  -0.79963
  -1.01647  -0.82152  -0.62702  -0.59565  -1.05386
  -0.89591  -0.78855  -0.82152  -0.74904  -0.78836
  -0.89309  -0.78836  -0.74904  -0.82152  -0.78855
  -0.89591  -1.05386  -3.78240  -2.11968  -0.89591
  -0.62702  -0.79948  -1.66425  -2.76741  -1.66425
  -0.79948  -0.62702  -0.89591  -2.11968  -3.78240
 -10.29700  -3.78240  -1.05386  -0.59565  -0.90800
  -2.77020  -6.87475  -2.77020  -0.90800  -0.59565
  -1.05386  -3.78240 -10.29700 -99.99999 -10.29700
  -1.40386  -0.64530  -1.16449  -6.87793 -99.99999
  -6.87793  -1.16449  -0.64530  -1.40386 -10.29700
 -99.99999 -10.29700  -3.78240  -1.05386  -0.59565
  -0.90800  -2.77020  -6.87475  -2.77020  -0.90800
  -0.59565  -1.05386  -3.78240 -10.29700  -1.40386
  -1.05386  -0.66127  -0.54642  -0.60973  -0.89498
  -1.14704  -0.89498  -0.60973  -0.54642  -0.66127
  -1.05386  -1.40386  -0.64530  -0.59565  -0.54642
  -0.54019  -0.52016  -0.54123  -0.57636  -0.54123
  -0.52016  -0.54019  -0.54642  -0.59565  -0.64530
  -1.16449  -0.90800  -0.60973  -0.52016  -0.57513
  -0.84017  -1.08044  -0.84017  -0.57513  -0.52016
  -0.60973  -0.90800  -1.16449  -6.87793  -2.77020
  -0.89498  -0.54123  -0.84017  -2.58748  -6.25551
  -2.58748  -0.84017  -0.54123  -0.89498  -2.77020
  -6.87793 -99.99999  -6.87475  -1.14704  -0.57636
  -1.08044  -6.25551 -99.99999  -6.25551  -1.08044
  -0.57636  -1.14704  -6.87475 -99.99999  -6.87793
  -2.77020  -0.89498  -0.54123  -0.84017  -2.58748
  -6.25551  -2.58748  -0.84017  -0.54123  -0.89498
  -2.77020  -6.87793  -1.16449  -0.90800  -0.60973
  -0.52016  -0.57513  -0.84017  -1.08044  -0.84017
  -0.57513  -0.52016  -0.60973  -0.90800  -1.16449
  -0.64530  -0.59565  -0.54642  -0.54019  -0.52016
  -0.54123  -0.57636  -0.54123  -0.52016  -0.54019
  -0.54642  -0.59565  -0.64530  -1.40386  -1.05386
  -0.66127  -0.54642  -0.60973  -0.89498  -1.14704
  -0.89498  -0.60973  -0.54642  -0.66127  -1.05386
  -1.40386 -10.29700  -3.78240  -1.05386  -0.59565
  -0.90800  -2.77020  -6.87475  -2.77020  -0.90800
  -0.59565  -1.05386  -3.78240 -10.29700 -99.99999
 -10.29700  -1.40386  -0.64530  -1.16449  -6.87793
 -99.99999  -6.87793  -1.16449  -0.64530  -1.40386
 -10.29700 -99.99999
